 0   0.82103357E-06   0.46115069E-07
 1   0.24631007E-05   0.13828268E-05
 2   0.27094108E-04   0.19437213E-04
 3   0.17980635E-03   0.16999875E-03
 4   0.11601204E-02   0.10354617E-02
 5   0.45271791E-02   0.46574717E-02
 6   0.16520837E-01   0.16002823E-01
 7   0.41228201E-01   0.42845332E-01
 8   0.92266931E-01   0.90336027E-01
 9   0.14738374E+00   0.15049200E+00
10   0.20171974E+00   0.19743148E+00
11   0.20171974E+00   0.20182730E+00
12   0.15872057E+00   0.15760632E+00
13   0.90684799E-01   0.90885626E-01
14   0.34376675E-01   0.36500042E-01
15   0.86118211E-02   0.91208865E-02
16   0.86947455E-03   0.10683708E-02
