   1    0    2    3    2    3    4    3    2    3    2
   2    1   -1    5    6    5    7    8    6    8    9
   3    1   10   -1   10   11   12   11   13   14   13
   4    1   15   16   15   16   -1   16   15   16   15
   5    2   -1   -2   17   18   19   20   21   22   23
   6    2   -1   24   -2   25   26   27   28   29   30
   7    2   -1   31   32   31   -2   33   32   33   34
   8    2   -1   35   21   36   37   -2   38   39   23
   9    2   -1   40   28   40   41   42   28   42   -2
  10    2   -2   -1   24   43   44   45   27   46   42
  11    2   18   -1   35   -2   47   48   20   49   39
  12    2   31   -1   31   50   -2   50   33   51   33
  13    2   25   -1   40   45   52   53   -2   46   29
  14    2   36   -1   36   48   54   48   22   -2   22
  15    2   -2   44   26   44   -1   52   26   52   41
  16    2   19   -2   19   47   -1   47   37   54   37
  17    3   -1   -2   -1   55   56   55   57   58   57
  18    3   -1   -2   59   -1   60   61   62   63   64
  19    3   -1   -2   65   66   -1   67   68   69   70
  20    3   -1   -2   71   72   73   -1   74   75   76
  21    3   -1   -2   77   55   78   79   -1   80   81
  22    3   -1   -2   82   72   83   84   85   -1   86
  23    3   -1   -2   87   88   89   90   91   92   -1
  24    3   -1   -1   -2   62   93   94   95   96   97
  25    3   -1   59   -2   -1   98   99   95  100  101
  26    3   -1   65   -2   68   -1  102  103  104  105
  27    3   -1   71   -2   85  106   -1  107  108  109
  28    3   -1   77   -2   57  110  111   -1   81  112
  29    3   -1   82   -2   74  113  114  107   -1  115
  30    3   -1   87   -2   91  116   87  117   91   -1
  31    3   -1   -1   93   60   -2  118   98  119  120
  32    3   -1   56   -1   78   -2   78  110  121  110
  33    3   -1   73  106   83   -2   -1  113  122  123
  34    3   -1   89  116   89   -2   89  116   89   -1
  35    3   -1   -1   94   63  118   -2  100  124  125
  36    3   -1   61   99   -1  119   -2   96  124  126
  37    3   -1   67  102   69   -1   -2  104  127  128
  38    3   -1   79  111   58  121   -2   -1   79  111
  39    3   -1   84  114   75  122   -2  108   -1  129
  40    3   -1   -1   97   64  120  125  101  126   -2
  41    3   -1   70  105   70   -1  128  105  128   -2
  42    3   -1   76  109   86  123   -1  115  129   -2
  43    3   -2   -1  130   -1  131  132  130  132  133
  44    3   -2   -1  134  135   -1  136  137  138  139
  45    3   -2   -1  130  140  141   -1  142  143  144
  46    3   -2   -1  145  146  147  148  149   -1  150
  47    3  135   -1  136   -2   -1  151  152  153  154
  48    3  140   -1  132   -2  155   -1  156  157  143
  49    3  146   -1  148   -2  158  159  146   -1  148
  50    3  131   -1  141   -1   -2  155  141  155  160
  51    3  147   -1  147  158   -2  158  147   -1  147
  52    3  137   -1  139  152   -1  154   -2  161  162
  53    3  142   -1  133  156  160   -1   -2  156  142
  54    3  138   -1  138  153   -1  153  161   -2  161
  55    4   -1   -2   -1   -2  163  164  165  166  167
  56    4   -1   -2   -1  168   -2  168  169  170  169
  57    4   -1   -2   -1  171  172  173   -2  174  175
  58    4   -1   -2   -1  176  177  176  178   -2  178
  59    4   -1   -2   -2   -1  179  180  181  182  183
  60    4   -1   -2  168   -1   -2  184  185  186  187
  61    4   -1   -2  164   -1  188   -2  189  190  191
  62    4   -1   -2  171   -1  192  193   -2  194  195
  63    4   -1   -2  176   -1  196  197  198   -2  199
  64    4   -1   -2  173   -1  200  201  202  203   -2
  65    4   -1   -2   -2  179   -1  204  205  206  207
  66    4   -1   -2  163   -2   -1  208  163  208  209
  67    4   -1   -2  163  188   -1   -2  210  211  212
  68    4   -1   -2  172  192   -1  213   -2  214  215
  69    4   -1   -2  177  196   -1  216  217   -2  218
  70    4   -1   -2  172  200   -1  219  220  221   -2
  71    4   -1   -2   -2  180  204   -1  222  223  224
  72    4   -1   -2  164   -2  208   -1  166  225  226
  73    4   -1   -2  168  184   -2   -1  227  228  229
  74    4   -1   -2  173  193  213   -1   -2  230  231
  75    4   -1   -2  176  197  216   -1  232   -2  199
  76    4   -1   -2  171  201  219   -1  233  234   -2
  77    4   -1   -2   -2  181  205  222   -1  235  236
  78    4   -1   -2  169  185   -2  227   -1  237  238
  79    4   -1   -2  167  189  210   -2   -1  239  240
  80    4   -1   -2  178  198  217  232   -1   -2  178
  81    4   -1   -2  175  202  220  233   -1  241   -2
  82    4   -1   -2   -2  182  206  223  235   -1  242
  83    4   -1   -2  170  186   -2  228  237   -1  243
  84    4   -1   -2  166  190  211   -2  239   -1  191
  85    4   -1   -2  174  194  214  230   -2   -1  244
  86    4   -1   -2  174  203  221  234  241   -1   -2
  87    4   -1   -2   -2  183  207  224  236  242   -1
  88    4   -1   -2  167   -2  209  226  167  226   -1
  89    4   -1   -2  169  187   -2  229  238  243   -1
  90    4   -1   -2  165  191  212   -2  240  191   -1
  91    4   -1   -2  175  195  215  231   -2  244   -1
  92    4   -1   -2  178  199  218  199  178   -2   -1
  93    4   -1   -1   -2  245   -2  246  247  248  249
  94    4   -1   -1   -2  250  251   -2  252  253  224
  95    4   -1   -1   -2  254  255  256   -2  257  258
  96    4   -1   -1   -2  259  260  261  241   -2  244
  97    4   -1   -1   -2  262  263  264  265  266   -2
  98    4   -1  245   -2   -1   -2  267  268  269  270
  99    4   -1  250   -2   -1  271   -2  272  273  242
 100    4   -1  259   -2   -1  274  275  202   -2  231
 101    4   -1  262   -2   -1  276  277  278  279   -2
 102    4   -1  251   -2  271   -1   -2  280  281  207
 103    4   -1  255   -2  255   -1  282   -2  282  283
 104    4   -1  260   -2  274   -1  284  220   -2  215
 105    4   -1  263   -2  276   -1  285  286  287   -2
 106    4   -1  246   -2  267   -2   -1  288  289  249
 107    4   -1  256   -2  257  282   -1   -2  290  258
 108    4   -1  261   -2  275  284   -1  233   -2  195
 109    4   -1  264   -2  277  285   -1  291  292   -2
 110    4   -1  247   -2  268   -2  288   -1  293  294
 111    4   -1  252   -2  272  280   -2   -1  295  236
 112    4   -1  265   -2  278  286  291   -1  265   -2
 113    4   -1  248   -2  269   -2  289  293   -1  270
 114    4   -1  253   -2  273  281   -2  295   -1  183
 115    4   -1  266   -2  279  287  292  265   -1   -2
 116    4   -1  249   -2  270   -2  249  294  270   -1
 117    4   -1  258   -2  258  283  258   -2  258   -1
 118    4   -1   -1  185  296   -2   -2  297  298  229
 119    4   -1   -1  299  296   -2  300  237   -2  243
 120    4   -1   -1  268  301   -2  302  293  303   -2
 121    4   -1  299   -1  297   -2  297  238   -2  238
 122    4   -1  300  297  298   -2   -1  227   -2  187
 123    4   -1  302  247  303   -2   -1  288  304   -2
 124    4   -1   -1  189  305  306   -2  239   -2  226
 125    4   -1   -1  181  307  308   -2  295  309   -2
 126    4   -1  307  235   -1  310   -2  272  311   -2
 127    4   -1  306  210  306   -1   -2  210   -2  209
 128    4   -1  308  205  310   -1   -2  280  312   -2
 129    4   -1  309  222  311  312   -2  252   -1   -2
 130    4   -2   -1   -2   -1  313  314  264  315  292
 131    4   -2   -1  246   -1   -2  316  246  316  304
 132    4   -2   -1  194   -1  317   -2  261  318  234
 133    4   -2   -1  256   -1  319  320  256  320   -2
 134    4   -2   -1   -2  313   -1  313  285  321  285
 135    4   -2   -1  251   -2   -1  322  204  323  312
 136    4   -2   -1  192  317   -1   -2  284  324  219
 137    4   -2   -1  263  313   -1  325   -2  326  287
 138    4   -2   -1  260  317   -1  327  214   -2  221
 139    4   -2   -1  255  319   -1  328  282  329   -2
 140    4   -2   -1  250   -2  322   -1  223  330  311
 141    4   -2   -1  245  316   -2   -1  289  331  302
 142    4   -2   -1  262  315  325   -1   -2  332  279
 143    4   -2   -1  259  318  327   -1  230   -2  203
 144    4   -2   -1  254  320  328   -1  290  320   -2
 145    4   -2   -1   -2  315  321  315  277   -1  277
 146    4   -2   -1  253   -2  323  330  180   -1  309
 147    4   -2   -1  248  316   -2  331  267   -1  303
 148    4   -2   -1  193  318  324   -2  275   -1  201
 149    4   -2   -1  266  314  326  332   -2   -1  266
 150    4   -2   -1  257  320  329  320  257   -1   -2
 151    4  196   -1  196   -2   -1   -2  216  333  216
 152    4  179   -1  308   -2   -1  334   -2  323  281
 153    4  188   -1  306   -2   -1  335  208   -2  211
 154    4  200   -1  274   -2   -1  327  213  324   -2
 155    4  186   -1  296   -2   -2   -1  228  336  300
 156    4  182   -1  307   -2  334   -1   -2  330  273
 157    4  190   -1  305   -2  335   -1  225   -2  190
 158    4  184   -1  298   -2   -2  336  184   -1  298
 159    4  197   -1  197   -2  333   -2  197   -1  197
 160    4  301   -1  269   -1   -2  331  269  331   -2
 161    4  271   -1  310  322   -1  334   -2   -2  206
 162    4  276   -1  276  325   -1  325   -2  321   -2
 163    5   -1   -2   -1   -2   -1  337  338  339  340
 164    5   -1   -2   -1   -2  341   -1  342  343  344
 165    5   -1   -2   -1   -2  345  346   -1  346  347
 166    5   -1   -2   -1   -2  348  349  350   -1  351
 167    5   -1   -2   -1   -2  352  346  353  354   -1
 168    5   -1   -2   -1   -1   -2  341  355  356  357
 169    5   -1   -2   -1  345   -2  352   -1  358  359
 170    5   -1   -2   -1  348   -2  348  360   -1  360
 171    5   -1   -2   -1   -1  355  344   -2  361  362
 172    5   -1   -2   -1  338   -1  340   -2  363  364
 173    5   -1   -2   -1  342  357   -1   -2  365  362
 174    5   -1   -2   -1  350  360  351   -2   -1  366
 175    5   -1   -2   -1  353  359  347   -2  367   -1
 176    5   -1   -2   -1   -1  356  343  361   -2  365
 177    5   -1   -2   -1  339   -1  339  363   -2  363
 178    5   -1   -2   -1  346  358  354   -1   -2  367
 179    5   -1   -2   -2   -1   -1  368  369  370  371
 180    5   -1   -2   -2   -1  372   -1  373  374  375
 181    5   -1   -2   -2   -1   -3   -3   -1   -3   -3
 182    5   -1   -2   -2   -1  376  377  378   -1  379
 183    5   -1   -2   -2   -1  380  381  382  383   -1
 184    5   -1   -2  372   -1   -2   -1  384  385  386
 185    5   -1   -2   -3   -1   -2   -3   -1   -3   -3
 186    5   -1   -2  376   -1   -2  387  388   -1  389
 187    5   -1   -2  380   -1   -2  390  391  392   -1
 188    5   -1   -2  368   -1   -1   -2  393  394  395
 189    5   -1   -2   -3   -1   -3   -2   -1   -3   -3
 190    5   -1   -2  377   -1  387   -2  396   -1  397
 191    5   -1   -2  381   -1  390   -2  398  399   -1
 192    5   -1   -2  369   -1   -1  393   -2  400  401
 193    5   -1   -2  373   -1  384   -1   -2  402  403
 194    5   -1   -2  378   -1  388  396   -2   -1  404
 195    5   -1   -2  382   -1  391  398   -2  405   -1
 196    5   -1   -2  370   -1   -1  394  400   -2  406
 197    5   -1   -2  374   -1  385   -1  402   -2  407
 198    5   -1   -2   -3   -1   -3   -3   -1   -2   -3
 199    5   -1   -2  383   -1  392  399  405   -2   -1
 200    5   -1   -2  371   -1   -1  395  401  406   -2
 201    5   -1   -2  375   -1  386   -1  403  407   -2
 202    5   -1   -2   -3   -1   -3   -3   -1   -3   -2
 203    5   -1   -2  379   -1  389  397  404   -1   -2
 204    5   -1   -2   -2  408   -1   -1  409  410  411
 205    5   -1   -2   -2  338   -1  412   -1  413  414
 206    5   -1   -2   -2  415   -1  416  417   -1  418
 207    5   -1   -2   -2   -3   -1   -3   -3   -3   -1
 208    5   -1   -2  408   -2   -1   -1  415  419  420
 209    5   -1   -2   -3   -2   -1   -3   -3   -3   -1
 210    5   -1   -2  412  339   -1   -2   -1  421  422
 211    5   -1   -2  416  419   -1   -2  423   -1  424
 212    5   -1   -2   -3   -3   -1   -2   -3   -3   -1
 213    5   -1   -2  409  415   -1   -1   -2  425  426
 214    5   -1   -2  417  408   -1  423   -2   -1  427
 215    5   -1   -2   -3   -3   -1   -3   -2   -3   -1
 216    5   -1   -2  410  419   -1   -1  425   -2  428
 217    5   -1   -2  413  337   -1  421   -1   -2  413
 218    5   -1   -2   -3   -3   -1   -3   -3   -2   -1
 219    5   -1   -2  411  420   -1   -1  426  428   -2
 220    5   -1   -2  414  340   -1  422   -1  413   -2
 221    5   -1   -2  418  420   -1  424  427   -1   -2
 222    5   -1   -2   -2  350  429   -1   -1  430  431
 223    5   -1   -2   -2  432  433   -1  434   -1  435
 224    5   -1   -2   -2  436  437   -1  438  405   -1
 225    5   -1   -2  432   -2  439   -1  432   -1  440
 226    5   -1   -2  436   -2  441   -1  442  399   -1
 227    5   -1   -2  429  348   -2   -1   -1  443  444
 228    5   -1   -2  433  439   -2   -1  445   -1  446
 229    5   -1   -2  437  441   -2   -1  447  392   -1
 230    5   -1   -2  434  432  445   -1   -2   -1  448
 231    5   -1   -2  438  442  447   -1   -2  383   -1
 232    5   -1   -2  430  349  443   -1   -1   -2  430
 233    5   -1   -2  431  351  444   -1   -1  430   -2
 234    5   -1   -2  435  440  446   -1  448   -1   -2
 235    5   -1   -2   -2  342  449  450   -1   -1  451
 236    5   -1   -2   -2  353  452  453   -1  367   -1
 237    5   -1   -2  449  341   -2  454   -1   -1  455
 238    5   -1   -2  452  352   -2  456   -1  358   -1
 239    5   -1   -2  450  343  454   -2   -1   -1  457
 240    5   -1   -2  453  354  456   -2   -1  354   -1
 241    5   -1   -2  451  344  455  457   -1   -1   -2
 242    5   -1   -2   -2  442  458  381  459   -1   -1
 243    5   -1   -2  458  441   -2  390  460   -1   -1
 244    5   -1   -2  459  436  460  398   -2   -1   -1
 245    5   -1   -1   -2   -1   -2  461  462  463  464
 246    5   -1   -1   -2  388   -2   -1  465  466  467
 247    5   -1   -1   -2  355   -2  468   -1  455  469
 248    5   -1   -1   -2  384   -2  470  471   -1  472
 249    5   -1   -1   -2  391   -2  437  473  460   -1
 250    5   -1   -1   -2   -1  461   -2  474  475  476
 251    5   -1   -1   -2  400   -1   -2  477  478  479
 252    5   -1   -1   -2  361  468   -2   -1  457  480
 253    5   -1   -1   -2  402  470   -2  481   -1  482
 254    5   -1   -1   -2   -1  462  474   -2  474  483
 255    5   -1   -1   -2  369   -1  477   -2  484  485
 256    5   -1   -1   -2  378  465   -1   -2  486  487
 257    5   -1   -1   -2  373  471  481   -2   -1  488
 258    5   -1   -1   -2  382  473  438   -2  459   -1
 259    5   -1   -1   -2   -1  463  475  474   -2  489
 260    5   -1   -1   -2  393   -1  478  484   -2  490
 261    5   -1   -1   -2  396  466   -1  486   -2  491
 262    5   -1   -1   -2   -1  464  476  483  489   -2
 263    5   -1   -1   -2  401   -1  479  485  490   -2
 264    5   -1   -1   -2  404  467   -1  487  491   -2
 265    5   -1   -1   -2  362  469  480   -1  451   -2
 266    5   -1   -1   -2  403  472  482  488   -1   -2
 267    5   -1  372   -2   -1   -2   -1  471  492  493
 268    5   -1   -3   -2   -1   -2   -3   -1   -3   -3
 269    5   -1  376   -2   -1   -2  494  465   -1  495
 270    5   -1  380   -2   -1   -2  458  473  447   -1
 271    5   -1  368   -2   -1   -1   -2  484  496  497
 272    5   -1   -3   -2   -1   -3   -2   -1   -3   -3
 273    5   -1  377   -2   -1  494   -2  486   -1  498
 274    5   -1  370   -2   -1   -1  496  477   -2  499
 275    5   -1  374   -2   -1  492   -1  481   -2  500
 276    5   -1  371   -2   -1   -1  497  485  499   -2
 277    5   -1  375   -2   -1  493   -1  488  500   -2
 278    5   -1   -3   -2   -1   -3   -3   -1   -3   -2
 279    5   -1  379   -2   -1  495  498  487   -1   -2
 280    5   -1  412   -2  363   -1   -2   -1  422  501
 281    5   -1  416   -2  425   -1   -2  502   -1  503
 282    5   -1  409   -2  417   -1   -1   -2  502  504
 283    5   -1   -3   -2   -3   -1   -3   -2   -3   -1
 284    5   -1  410   -2  423   -1   -1  502   -2  505
 285    5   -1  411   -2  427   -1   -1  504  505   -2
 286    5   -1  414   -2  364   -1  501   -1  414   -2
 287    5   -1  418   -2  426   -1  503  504   -1   -2
 288    5   -1  429   -2  360   -2   -1   -1  444  506
 289    5   -1  433   -2  445   -2   -1  507   -1  508
 290    5   -1  434   -2  434  507   -1   -2   -1  509
 291    5   -1  431   -2  366  506   -1   -1  431   -2
 292    5   -1  435   -2  448  508   -1  509   -1   -2
 293    5   -1  449   -2  357   -2  510   -1   -1  469
 294    5   -1  452   -2  359   -2  452   -1  359   -1
 295    5   -1  450   -2  365  510   -2   -1   -1  480
 296    5   -1   -1  461   -1   -2   -2  463  511  512
 297    5   -1   -1  468  356   -2   -2   -1  454  510
 298    5   -1   -1  470  385   -2   -2  492   -1  513
 299    5   -1   -1   -1   -3   -2   -3   -3   -2   -3
 300    5   -1   -1  466  387   -2   -1  494   -2  514
 301    5   -1   -1  464   -1   -2  512  464  512   -2
 302    5   -1   -1  467  389   -2   -1  495  514   -2
 303    5   -1   -1  472  386   -2  513  493   -1   -2
 304    5   -1  446  508  446   -2   -1  508   -1   -2
 305    5   -1   -1  475   -1  511   -2  475   -2  515
 306    5   -1   -1  478  394   -1   -2  496   -2  516
 307    5   -1   -1  476   -1  512   -2  489  515   -2
 308    5   -1   -1  479  406   -1   -2  499  516   -2
 309    5   -1   -1  482  407  513   -2  500   -1   -2
 310    5   -1  395  497   -1   -1   -2  490  516   -2
 311    5   -1  397  498   -1  514   -2  491   -1   -2
 312    5   -1  424  503  428   -1   -2  505   -1   -2
 313    5   -2   -1   -2   -1   -1  517  518  519  520
 314    5   -2   -1   -2   -1  521   -1  522  523  522
 315    5   -2   -1   -2   -1  524  525  522   -1  526
 316    5   -2   -1  521   -1   -2   -1  524  527  528
 317    5   -2   -1  517   -1   -1   -2  519  529  530
 318    5   -2   -1  525   -1  527   -2  523   -1  531
 319    5   -2   -1  520   -1   -1  530  520  530   -2
 320    5   -2   -1  522   -1  528   -1  526  531   -2
 321    5   -2   -1   -2   -3   -1   -3   -3   -1   -3
 322    5   -2   -1  517   -2   -1   -1  532  533  534
 323    5   -2   -1   -3   -2   -1   -3   -3   -1   -3
 324    5   -2   -1   -3   -3   -1   -2   -3   -1   -3
 325    5   -2   -1  520  532   -1   -1   -2  535  536
 326    5   -2   -1   -3   -3   -1   -3   -2   -1   -3
 327    5   -2   -1  519  533   -1   -1  535   -2  534
 328    5   -2   -1  518  534   -1   -1  536  534   -2
 329    5   -2   -1   -3   -3   -1   -3   -3   -1   -2
 330    5   -2   -1  525   -2  537   -1  538   -1  531
 331    5   -2   -1  524  537   -2   -1  539   -1  528
 332    5   -2   -1  526  538  539   -1   -2   -1  526
 333    5   -3   -1   -3   -2   -1   -2   -3   -1   -3
 334    5  532   -1  530   -2   -1   -1   -2  540  535
 335    5  533   -1  529   -2   -1   -1  540   -2  533
 336    5  537   -1  527   -2   -2   -1  537   -1  527
 337    6   -1   -2   -1   -2   -1   -2  541  542  541
 338    6   -1   -2   -1   -2   -1  543   -2  544  545
 339    6   -1   -2   -1   -2   -1  546  541   -2  547
 340    6   -1   -2   -1   -2   -1  548  549  550   -2
 341    6   -1   -2   -1   -2   -2   -1  551  552  553
 342    6   -1   -2   -1   -2  543   -1   -2  554  555
 343    6   -1   -2   -1   -2  546   -1  556   -2  557
 344    6   -1   -2   -1   -2  548   -1  558  559   -2
 345    6   -1   -2   -1   -2   -2  551   -1  551  560
 346    6   -1   -2   -1   -2  541   -2   -1  556  561
 347    6   -1   -2   -1   -2  549  558   -1  558   -2
 348    6   -1   -2   -1   -2   -2  552  551   -1  562
 349    6   -1   -2   -1   -2  542   -2  556   -1  556
 350    6   -1   -2   -1   -2  544  554   -2   -1  563
 351    6   -1   -2   -1   -2  550  559  558   -1   -2
 352    6   -1   -2   -1   -2   -2  553  560  562   -1
 353    6   -1   -2   -1   -2  545  555   -2  563   -1
 354    6   -1   -2   -1   -2  547  557  561   -2   -1
 355    6   -1   -2   -1   -1   -2  564   -2  565  566
 356    6   -1   -2   -1   -1   -2   -3   -3   -2   -3
 357    6   -1   -2   -1   -1   -2  564  567  568   -2
 358    6   -1   -2   -1   -3   -2   -3   -1   -2   -3
 359    6   -1   -2   -1  567   -2  566   -1  569   -2
 360    6   -1   -2   -1  565   -2  568   -2   -1  569
 361    6   -1   -2   -1   -1  570  571   -2   -2  572
 362    6   -1   -2   -1   -1  573  574   -2  575   -2
 363    6   -1   -2   -1  570   -1  576   -2   -2  577
 364    6   -1   -2   -1  573   -1  573   -2  578   -2
 365    6   -1   -2   -1  571  576   -1   -2   -2  579
 366    6   -1   -2   -1  575  578  575   -2   -1   -2
 367    6   -1   -2   -1  572  577  579   -2   -2   -1
 368    6   -1   -2   -2   -1   -1   -2  580  581  582
 369    6   -1   -2   -2   -1   -1  583   -2  584  585
 370    6   -1   -2   -2   -1   -1  586  587   -2  588
 371    6   -1   -2   -2   -1   -1  589  590  591   -2
 372    6   -1   -2   -2   -1   -2   -1  592  593  594
 373    6   -1   -2   -2   -1  583   -1   -2  595  596
 374    6   -1   -2   -2   -1  586   -1  597   -2  598
 375    6   -1   -2   -2   -1  589   -1  599  600   -2
 376    6   -1   -2   -2   -1   -2  593  601   -1  602
 377    6   -1   -2   -2   -1  581   -2  603   -1  604
 378    6   -1   -2   -2   -1  584  595   -2   -1  605
 379    6   -1   -2   -2   -1  591  600  606   -1   -2
 380    6   -1   -2   -2   -1   -2  594  607  602   -1
 381    6   -1   -2   -2   -1  582   -2  608  604   -1
 382    6   -1   -2   -2   -1  585  596   -2  605   -1
 383    6   -1   -2   -2   -1  588  598  579   -2   -1
 384    6   -1   -2  564   -1   -2   -1   -2  609  610
 385    6   -1   -2   -3   -1   -2   -1   -3   -2   -3
 386    6   -1   -2  564   -1   -2   -1  611  612   -2
 387    6   -1   -2  552   -1   -2   -2  613   -1  614
 388    6   -1   -2  565   -1   -2  609   -2   -1  615
 389    6   -1   -2  568   -1   -2  612  616   -1   -2
 390    6   -1   -2  551   -1   -2   -2  617  614   -1
 391    6   -1   -2  566   -1   -2  610   -2  615   -1
 392    6   -1   -2   -3   -1   -2   -3   -3   -2   -1
 393    6   -1   -2  548   -1   -1   -2   -2  618  619
 394    6   -1   -2  546   -1   -1   -2  620   -2  621
 395    6   -1   -2  543   -1   -1   -2  622  623   -2
 396    6   -1   -2  559   -1  618   -2   -2   -1  624
 397    6   -1   -2  554   -1  623   -2  625   -1   -2
 398    6   -1   -2  558   -1  619   -2   -2  624   -1
 399    6   -1   -2  556   -1  621   -2  557   -2   -1
 400    6   -1   -2  570   -1   -1  626   -2   -2  627
 401    6   -1   -2  573   -1   -1  628   -2  629   -2
 402    6   -1   -2  571   -1  626   -1   -2   -2  598
 403    6   -1   -2  574   -1  628   -1   -2  630   -2
 404    6   -1   -2  575   -1  629  630   -2   -1   -2
 405    6   -1   -2  572   -1  627  598   -2   -2   -1
 406    6   -1   -2  576   -1   -1  631  587   -2   -2
 407    6   -1   -2  571   -1  631   -1  597   -2   -2
 408    6   -1   -2   -2   -2   -1   -1  544  632  633
 409    6   -1   -2   -2  583   -1   -1   -2  634  635
 410    6   -1   -2   -2  586   -1   -1  636   -2  627
 411    6   -1   -2   -2  589   -1   -1  637  638   -2
 412    6   -1   -2   -2  580   -1   -2   -1  639  640
 413    6   -1   -2   -2  587   -1  636   -1   -2  577
 414    6   -1   -2   -2  590   -1  637   -1  641   -2
 415    6   -1   -2   -2   -2   -1  632  543   -1  642
 416    6   -1   -2   -2  581   -1   -2  639   -1  582
 417    6   -1   -2   -2  584   -1  634   -2   -1  643
 418    6   -1   -2   -2  591   -1  638  641   -1   -2
 419    6   -1   -2  546   -2   -1   -1  542   -2  621
 420    6   -1   -2  548   -2   -1   -1  550  644   -2
 421    6   -1   -2  547  620   -1   -2   -1   -2  547
 422    6   -1   -2  545  622   -1   -2   -1  645   -2
 423    6   -1   -2  550  618   -1   -2   -2   -1  619
 424    6   -1   -2  544  623   -1   -2  645   -1   -2
 425    6   -1   -2  576  626   -1   -1   -2   -2  588
 426    6   -1   -2  573  628   -1   -1   -2  646   -2
 427    6   -1   -2  578  629   -1  646   -2   -1   -2
 428    6   -1   -2  570  631   -1   -1  636   -2   -2
 429    6   -1   -2   -2  592   -2   -1   -1  647  648
 430    6   -1   -2   -2  597  636   -1   -1   -2  572
 431    6   -1   -2   -2  599  637   -1   -1  649   -2
 432    6   -1   -2   -2   -2  632   -1  554   -1  650
 433    6   -1   -2   -2  593   -2   -1  647   -1  651
 434    6   -1   -2   -2  595  634   -1   -2   -1  652
 435    6   -1   -2   -2  600  638   -1  649   -1   -2
 436    6   -1   -2   -2   -2  633   -1  563  650   -1
 437    6   -1   -2   -2  594   -2   -1  648  651   -1
 438    6   -1   -2   -2  596  635   -1   -2  652   -1
 439    6   -1   -2  552   -2   -2   -1  552   -1  653
 440    6   -1   -2  559   -2  644   -1  559   -1   -2
 441    6   -1   -2  553   -2   -2   -1  562  653   -1
 442    6   -1   -2  555   -2  642   -1   -2  650   -1
 443    6   -1   -2   -3   -3   -2   -1   -1   -2   -3
 444    6   -1   -2  566  611   -2   -1   -1  654   -2
 445    6   -1   -2  568  609   -2   -1   -2   -1  655
 446    6   -1   -2  565  612   -2   -1  654   -1   -2
 447    6   -1   -2  567  610   -2   -1   -2  655   -1
 448    6   -1   -2  575  630  646   -1   -2   -1   -2
 449    6   -1   -2   -2  601   -2  647   -1   -1  656
 450    6   -1   -2   -2  603  639   -2   -1   -1  608
 451    6   -1   -2   -2  606  641  649   -1   -1   -2
 452    6   -1   -2   -2  607   -2  648   -1  656   -1
 453    6   -1   -2   -2  608  640   -2   -1  608   -1
 454    6   -1   -2  562  613   -2   -2   -1   -1  617
 455    6   -1   -2  569  616   -2  654   -1   -1   -2
 456    6   -1   -2  560  617   -2   -2   -1  617   -1
 457    6   -1   -2  563  625  645   -2   -1   -1   -2
 458    6   -1   -2   -2  602   -2  651  656   -1   -1
 459    6   -1   -2   -2  605  643  652   -2   -1   -1
 460    6   -1   -2  569  615   -2  655   -2   -1   -1
 461    6   -1   -1   -2   -1   -2   -2  657  658  651
 462    6   -1   -1   -2   -1   -2   -3   -2   -3   -3
 463    6   -1   -1   -2   -1   -2  659  616   -2  655
 464    6   -1   -1   -2   -1   -2  660  661  662   -2
 465    6   -1   -1   -2   -3   -2   -1   -2   -3   -3
 466    6   -1   -1   -2  659   -2   -1  654   -2  615
 467    6   -1   -1   -2  660   -2   -1  663  664   -2
 468    6   -1   -1   -2  657   -2   -2   -1  665  648
 469    6   -1   -1   -2  661   -2  663   -1  666   -2
 470    6   -1   -1   -2  658   -2   -2  665   -1  594
 471    6   -1   -1   -2   -3   -2   -3   -2   -1   -3
 472    6   -1   -1   -2  662   -2  664  666   -1   -2
 473    6   -1   -1   -2   -3   -2   -3   -2   -3   -1
 474    6   -1   -1   -2   -1  667   -2   -2  668  652
 475    6   -1   -1   -2   -1  669   -2  625   -2  650
 476    6   -1   -1   -2   -1   -3   -2   -3   -3   -2
 477    6   -1   -1   -2  667   -1   -2   -2  670  635
 478    6   -1   -1   -2  669   -1   -2  645   -2  633
 479    6   -1   -1   -2   -3   -1   -2   -3   -3   -2
 480    6   -1   -1   -2   -3   -3   -2   -1   -3   -2
 481    6   -1   -1   -2  668  670   -2   -2   -1  596
 482    6   -1   -1   -2   -3   -3   -2   -3   -1   -2
 483    6   -1   -1   -2   -1  671  672   -2  672   -2
 484    6   -1   -1   -2  667   -1  673   -2   -2  643
 485    6   -1   -1   -2  671   -1  674   -2  675   -2
 486    6   -1   -1   -2  668  673   -1   -2   -2  605
 487    6   -1   -1   -2  672  674   -1   -2  676   -2
 488    6   -1   -1   -2  672  675  676   -2   -1   -2
 489    6   -1   -1   -2   -1  677  678  606   -2   -2
 490    6   -1   -1   -2  677   -1  679  641   -2   -2
 491    6   -1   -1   -2  678  679   -1  649   -2   -2
 492    6   -1  659   -2   -1   -2   -1  611   -2  610
 493    6   -1  660   -2   -1   -2   -1  680  681   -2
 494    6   -1  658   -2   -1   -2   -2  682   -1  602
 495    6   -1  662   -2   -1   -2  681  661   -1   -2
 496    6   -1  669   -2   -1   -1   -2  622   -2  642
 497    6   -1   -3   -2   -1   -1   -2   -3   -3   -2
 498    6   -1   -3   -2   -1   -3   -2   -3   -1   -2
 499    6   -1  677   -2   -1   -1  683  590   -2   -2
 500    6   -1  678   -2   -1  683   -1  599   -2   -2
 501    6   -1   -3   -2   -3   -1   -2   -1   -3   -2
 502    6   -1  670   -2  673   -1   -2   -2   -1  585
 503    6   -1   -3   -2   -3   -1   -2   -3   -1   -2
 504    6   -1  674   -2  675   -1   -1   -2  684   -2
 505    6   -1  679   -2  683   -1   -1  637   -2   -2
 506    6   -1  663   -2  680   -2   -1   -1  663   -2
 507    6   -1   -3   -2   -3   -2   -1   -2   -1   -3
 508    6   -1  664   -2  681   -2   -1  663   -1   -2
 509    6   -1  676   -2  676  684   -1   -2   -1   -2
 510    6   -1  665   -2  682   -2   -2   -1   -1  607
 511    6   -1   -1  613   -1   -2   -2  613   -2  653
 512    6   -1   -1  601   -1   -2   -2  682  685   -2
 513    6   -1   -1  592  685   -2   -2  665   -1   -2
 514    6   -1   -1  657  685   -2   -1  647   -2   -2
 515    6   -1   -1  603   -1  686   -2  603   -2   -2
 516    6   -1   -1  580  686   -1   -2  639   -2   -2
 517    6   -2   -1   -2   -1   -1   -2  679  687  638
 518    6   -2   -1   -2   -1   -1  688   -2  688  684
 519    6   -2   -1   -2   -1   -1  689  629   -2  646
 520    6   -2   -1   -2   -1   -1  688  674  690   -2
 521    6   -2   -1   -2   -1   -2   -1  664  691  664
 522    6   -2   -1   -2   -1  688   -1   -2  692  676
 523    6   -2   -1   -2   -1  689   -1  630   -2  630
 524    6   -2   -1   -2   -1   -2  691  660   -1  681
 525    6   -2   -1   -2   -1  687   -2  678   -1  600
 526    6   -2   -1   -2   -1  690  692  672   -1   -2
 527    6   -2   -1  659   -1   -2   -1  609   -2  612
 528    6   -2   -1   -3   -1   -2   -1   -3   -3   -2
 529    6   -2   -1  618   -1   -1   -2  618   -2  644
 530    6   -2   -1  584   -1   -1   -2  673  693   -2
 531    6   -2   -1  595   -1  693   -2  668   -1   -2
 532    6   -2   -1   -3   -2   -1   -1   -2   -3   -3
 533    6   -2   -1  669   -2   -1   -1  632   -2  623
 534    6   -2   -1  667   -2   -1   -1  634  693   -2
 535    6   -2   -1  677  687   -1   -1   -2   -2  591
 536    6   -2   -1  671  690   -1   -1   -2  690   -2
 537    6   -2   -1  658   -2   -2   -1  593   -1  685
 538    6   -2   -1   -3   -2   -3   -1   -2   -1   -3
 539    6   -2   -1  662  691   -2   -1   -2   -1  662
 540    6  581   -1  686   -2   -1   -1   -2   -2  581
 541    7   -1   -2   -1   -2   -1   -2   -1   -3   -3
 542    7   -1   -2   -1   -2   -1   -2  694   -1  694
 543    7   -1   -2   -1   -2   -1   -1   -2  695  696
 544    7   -1   -2   -1   -2   -1  694   -2   -1  697
 545    7   -1   -2   -1   -2   -1   -3   -2   -3   -1
 546    7   -1   -2   -1   -2   -1   -1  695   -2  698
 547    7   -1   -2   -1   -2   -1   -3   -3   -2   -1
 548    7   -1   -2   -1   -2   -1   -1  696  698   -2
 549    7   -1   -2   -1   -2   -1   -3   -1   -3   -2
 550    7   -1   -2   -1   -2   -1  694  697   -1   -2
 551    7   -1   -2   -1   -2   -2   -1   -1  699  700
 552    7   -1   -2   -1   -2   -2   -1  701   -1  702
 553    7   -1   -2   -1   -2   -2   -1   -3   -3   -1
 554    7   -1   -2   -1   -2  701   -1   -2   -1  703
 555    7   -1   -2   -1   -2   -3   -1   -2   -3   -1
 556    7   -1   -2   -1   -2  699   -1   -1   -2  704
 557    7   -1   -2   -1   -2   -3   -1   -3   -2   -1
 558    7   -1   -2   -1   -2  700   -1   -1  704   -2
 559    7   -1   -2   -1   -2  702   -1  703   -1   -2
 560    7   -1   -2   -1   -2   -2  705   -1  705   -1
 561    7   -1   -2   -1   -2  705   -2   -1  706   -1
 562    7   -1   -2   -1   -2   -2  699  707   -1   -1
 563    7   -1   -2   -1   -2  707  704   -2   -1   -1
 564    7   -1   -2   -1   -1   -2   -1   -2  708  709
 565    7   -1   -2   -1   -1   -2  702   -2   -1  710
 566    7   -1   -2   -1   -1   -2  700   -2  711   -1
 567    7   -1   -2   -1   -1   -2   -3   -1   -3   -2
 568    7   -1   -2   -1   -1   -2  701  710   -1   -2
 569    7   -1   -2   -1  700   -2  707   -1   -1   -2
 570    7   -1   -2   -1   -1   -1  698   -2   -2  712
 571    7   -1   -2   -1   -1  708   -1   -2   -2  713
 572    7   -1   -2   -1   -1  711  704   -2   -2   -1
 573    7   -1   -2   -1   -1   -1  696   -2  712   -2
 574    7   -1   -2   -1   -1  709   -1   -2  713   -2
 575    7   -1   -2   -1   -1  710  703   -2   -1   -2
 576    7   -1   -2   -1  695   -1   -1   -2   -2  712
 577    7   -1   -2   -1   -3   -1   -3   -2   -2   -1
 578    7   -1   -2   -1  697   -1  697   -2   -1   -2
 579    7   -1   -2   -1   -3   -3   -1   -2   -2   -1
 580    7   -1   -2   -2   -1   -1   -2   -1   -3   -3
 581    7   -1   -2   -2   -1   -1   -2  714   -1  715
 582    7   -1   -2   -2   -1   -1   -2   -3   -3   -1
 583    7   -1   -2   -2   -1   -1   -1   -2   -3   -3
 584    7   -1   -2   -2   -1   -1  714   -2   -1  716
 585    7   -1   -2   -2   -1   -1   -3   -2   -3   -1
 586    7   -1   -2   -2   -1   -1   -1   -3   -2   -3
 587    7   -1   -2   -2   -1   -1   -3   -1   -2   -3
 588    7   -1   -2   -2   -1   -1   -3   -3   -2   -1
 589    7   -1   -2   -2   -1   -1   -1   -3   -3   -2
 590    7   -1   -2   -2   -1   -1   -3   -1   -3   -2
 591    7   -1   -2   -2   -1   -1  715  716   -1   -2
 592    7   -1   -2   -2   -1   -2   -1   -1   -3   -3
 593    7   -1   -2   -2   -1   -2   -1  717   -1  718
 594    7   -1   -2   -2   -1   -2   -1  719  720   -1
 595    7   -1   -2   -2   -1  717   -1   -2   -1  721
 596    7   -1   -2   -2   -1  719   -1   -2  722   -1
 597    7   -1   -2   -2   -1   -3   -1   -1   -2   -3
 598    7   -1   -2   -2   -1  720   -1  722   -2   -1
 599    7   -1   -2   -2   -1   -3   -1   -1   -3   -2
 600    7   -1   -2   -2   -1  718   -1  721   -1   -2
 601    7   -1   -2   -2   -1   -2   -3   -1   -1   -3
 602    7   -1   -2   -2   -1   -2  723  724   -1   -1
 603    7   -1   -2   -2   -1   -3   -2   -1   -1   -3
 604    7   -1   -2   -2   -1  723   -2  725   -1   -1
 605    7   -1   -2   -2   -1  724  725   -2   -1   -1
 606    7   -1   -2   -2   -1   -3   -3   -1   -1   -2
 607    7   -1   -2   -2   -1   -2   -3   -1   -3   -1
 608    7   -1   -2   -2   -1   -3   -2   -1   -3   -1
 609    7   -1   -2  717   -1   -2   -1   -2   -1  726
 610    7   -1   -2  719   -1   -2   -1   -2  720   -1
 611    7   -1   -2   -3   -1   -2   -1   -1   -3   -2
 612    7   -1   -2  718   -1   -2   -1  726   -1   -2
 613    7   -1   -2   -3   -1   -2   -2   -1   -1   -3
 614    7   -1   -2  723   -1   -2   -2  727   -1   -1
 615    7   -1   -2  724   -1   -2  727   -2   -1   -1
 616    7   -1   -2   -3   -1   -2   -3   -1   -1   -2
 617    7   -1   -2   -3   -1   -2   -2   -1   -3   -1
 618    7   -1   -2  714   -1   -1   -2   -2   -1  728
 619    7   -1   -2   -3   -1   -1   -2   -2   -3   -1
 620    7   -1   -2   -3   -1   -1   -2   -1   -2   -3
 621    7   -1   -2   -3   -1   -1   -2   -3   -2   -1
 622    7   -1   -2   -3   -1   -1   -2   -1   -3   -2
 623    7   -1   -2  715   -1   -1   -2  728   -1   -2
 624    7   -1   -2  725   -1  727   -2   -2   -1   -1
 625    7   -1   -2   -3   -1   -3   -2   -1   -1   -2
 626    7   -1   -2   -3   -1   -1   -1   -2   -2   -3
 627    7   -1   -2   -3   -1   -1   -3   -2   -2   -1
 628    7   -1   -2   -3   -1   -1   -1   -2   -3   -2
 629    7   -1   -2  716   -1   -1  728   -2   -1   -2
 630    7   -1   -2  721   -1  726   -1   -2   -1   -2
 631    7   -1   -2   -3   -1   -1   -1   -3   -2   -2
 632    7   -1   -2   -2   -2   -1   -1  729   -1  730
 633    7   -1   -2   -2   -2   -1   -1   -3   -3   -1
 634    7   -1   -2   -2  729   -1   -1   -2   -1  731
 635    7   -1   -2   -2   -3   -1   -1   -2   -3   -1
 636    7   -1   -2   -2  694   -1   -1   -1   -2  732
 637    7   -1   -2   -2  697   -1   -1   -1  732   -2
 638    7   -1   -2   -2  730   -1   -1  731   -1   -2
 639    7   -1   -2   -2  695   -1   -2   -1   -1  733
 640    7   -1   -2   -2   -3   -1   -2   -1   -3   -1
 641    7   -1   -2   -2  696   -1  733   -1   -1   -2
 642    7   -1   -2   -2   -2   -1   -3   -3   -1   -1
 643    7   -1   -2   -2   -3   -1   -3   -2   -1   -1
 644    7   -1   -2  730   -2   -1   -1  730   -1   -2
 645    7   -1   -2  733  698   -1   -2   -1   -1   -2
 646    7   -1   -2  731  730   -1   -1   -2   -1   -2
 647    7   -1   -2   -2  701   -2   -1   -1   -1  734
 648    7   -1   -2   -2  707   -2   -1   -1  711   -1
 649    7   -1   -2   -2  703  734   -1   -1   -1   -2
 650    7   -1   -2   -2   -2  735   -1  736   -1   -1
 651    7   -1   -2   -2  735   -2   -1  737   -1   -1
 652    7   -1   -2   -2  736  737   -1   -2   -1   -1
 653    7   -1   -2  735   -2   -2   -1  735   -1   -1
 654    7   -1   -2  734  702   -2   -1   -1   -1   -2
 655    7   -1   -2  737  735   -2   -1   -2   -1   -1
 656    7   -1   -2   -2   -3   -2   -3   -1   -1   -1
 657    7   -1   -1   -2   -1   -2   -2   -1   -3   -3
 658    7   -1   -1   -2   -1   -2   -2  738   -1  739
 659    7   -1   -1   -2   -1   -2   -1  738   -2  740
 660    7   -1   -1   -2   -1   -2   -1  741  740   -2
 661    7   -1   -1   -2   -1   -2   -3   -1   -3   -2
 662    7   -1   -1   -2   -1   -2  739  741   -1   -2
 663    7   -1   -1   -2  710   -2   -1   -1  734   -2
 664    7   -1   -1   -2  726   -2   -1  742   -1   -2
 665    7   -1   -1   -2  708   -2   -2   -1   -1  743
 666    7   -1   -1   -2  709   -2  743   -1   -1   -2
 667    7   -1   -1   -2   -1   -1   -2   -2  744  745
 668    7   -1   -1   -2   -1  738   -2   -2   -1  746
 669    7   -1   -1   -2   -1   -1   -2  744   -2  747
 670    7   -1   -1   -2   -3   -1   -2   -2   -1   -3
 671    7   -1   -1   -2   -1   -1  745   -2  745   -2
 672    7   -1   -1   -2   -1  741   -1   -2  746   -2
 673    7   -1   -1   -2  714   -1   -1   -2   -2  748
 674    7   -1   -1   -2  716   -1   -1   -2  748   -2
 675    7   -1   -1   -2   -3   -1   -3   -2   -1   -2
 676    7   -1   -1   -2  721  742   -1   -2   -1   -2
 677    7   -1   -1   -2   -1   -1  747  745   -2   -2
 678    7   -1   -1   -2   -1  740   -1  746   -2   -2
 679    7   -1   -1   -2  728   -1   -1  748   -2   -2
 680    7   -1   -3   -2   -1   -2   -1   -1   -3   -2
 681    7   -1  718   -2   -1   -2   -1  742   -1   -2
 682    7   -1   -3   -2   -1   -2   -2   -1   -1   -3
 683    7   -1   -3   -2   -1   -1   -1   -3   -2   -2
 684    7   -1  731   -2  731   -1   -1   -2   -1   -2
 685    7   -1   -1  739   -1   -2   -2  740   -1   -2
 686    7   -1   -1  747   -1   -1   -2  747   -2   -2
 687    7   -2   -1   -2   -1   -1   -2   -3   -1   -3
 688    7   -2   -1   -2   -1   -1   -1   -2   -3   -3
 689    7   -2   -1   -2   -1   -1   -1   -3   -2   -3
 690    7   -2   -1   -2   -1   -1   -3   -3   -1   -2
 691    7   -2   -1   -2   -1   -2   -1  749   -1  749
 692    7   -2   -1   -2   -1  749   -1   -2   -1  750
 693    7   -2   -1   -3   -1   -1   -2   -3   -1   -2
 694    8   -1   -2   -1   -2   -1   -2   -2   -1  751
 695    8   -1   -2   -1   -2   -1   -1   -2   -2  752
 696    8   -1   -2   -1   -2   -1   -1   -2  753   -2
 697    8   -1   -2   -1   -2   -1  753   -2   -1   -2
 698    8   -1   -2   -1   -2   -1   -1  751   -2   -2
 699    8   -1   -2   -1   -2   -2   -1   -1   -2   -3
 700    8   -1   -2   -1   -2   -2   -1   -1  754   -2
 701    8   -1   -2   -1   -2   -2   -1   -2   -1  755
 702    8   -1   -2   -1   -2   -2   -1  754   -1   -2
 703    8   -1   -2   -1   -2  753   -1   -2   -1   -2
 704    8   -1   -2   -1   -2  751   -1   -1   -2   -2
 705    8   -1   -2   -1   -2   -2   -2   -1   -3   -1
 706    8   -1   -2   -1   -2  756   -2   -1   -2   -1
 707    8   -1   -2   -1   -2   -2  755   -2   -1   -1
 708    8   -1   -2   -1   -1   -2   -1   -2   -2   -3
 709    8   -1   -2   -1   -1   -2   -1   -2  757   -2
 710    8   -1   -2   -1   -1   -2  757   -2   -1   -2
 711    8   -1   -2   -1   -1   -2   -3   -2   -2   -1
 712    8   -1   -2   -1   -1   -1   -3   -2   -2   -2
 713    8   -1   -2   -1   -1   -3   -1   -2   -2   -2
 714    8   -1   -2   -2   -1   -1   -2   -2   -1  758
 715    8   -1   -2   -2   -1   -1   -2   -3   -1   -2
 716    8   -1   -2   -2   -1   -1  759   -2   -1   -2
 717    8   -1   -2   -2   -1   -2   -1   -2   -1   -3
 718    8   -1   -2   -2   -1   -2   -1  760   -1   -2
 719    8   -1   -2   -2   -1   -2   -1   -2   -3   -1
 720    8   -1   -2   -2   -1   -2   -1   -3   -2   -1
 721    8   -1   -2   -2   -1  759   -1   -2   -1   -2
 722    8   -1   -2   -2   -1  761   -1   -2   -2   -1
 723    8   -1   -2   -2   -1   -2   -2  762   -1   -1
 724    8   -1   -2   -2   -1   -2   -3   -2   -1   -1
 725    8   -1   -2   -2   -1  758   -2   -2   -1   -1
 726    8   -1   -2  757   -1   -2   -1   -2   -1   -2
 727    8   -1   -2  754   -1   -2   -2   -2   -1   -1
 728    8   -1   -2  753   -1   -1   -2   -2   -1   -2
 729    8   -1   -2   -2   -2   -1   -1   -2   -1  763
 730    8   -1   -2   -2   -2   -1   -1  753   -1   -2
 731    8   -1   -2   -2  759   -1   -1   -2   -1   -2
 732    8   -1   -2   -2  764   -1   -1   -1   -2   -2
 733    8   -1   -2   -2   -3   -1   -2   -1   -1   -2
 734    8   -1   -2   -2  760   -2   -1   -1   -1   -2
 735    8   -1   -2   -2   -2   -2   -1  755   -1   -1
 736    8   -1   -2   -2   -2  763   -1   -2   -1   -1
 737    8   -1   -2   -2   -3   -2   -1   -2   -1   -1
 738    8   -1   -1   -2   -1   -2   -2   -2   -1   -3
 739    8   -1   -1   -2   -1   -2   -2   -3   -1   -2
 740    8   -1   -1   -2   -1   -2   -1  760   -2   -2
 741    8   -1   -1   -2   -1   -2   -1   -2   -3   -2
 742    8   -1   -1   -2   -3   -2   -1   -2   -1   -2
 743    8   -1   -1   -2   -3   -2   -2   -1   -1   -2
 744    8   -1   -1   -2   -1   -1   -2   -2   -2  763
 745    8   -1   -1   -2   -1   -1   -2   -2   -3   -2
 746    8   -1   -1   -2   -1   -3   -2   -2   -1   -2
 747    8   -1   -1   -2   -1   -1   -2   -3   -2   -2
 748    8   -1   -1   -2   -3   -1   -1   -2   -2   -2
 749    8   -2   -1   -2   -1   -2   -1   -2   -1   -3
 750    8   -2   -1   -2   -1  765   -1   -2   -1   -2
 751    9   -1   -2   -1   -2   -1   -2   -2   -1   -1
 752    9   -1   -2   -1   -2   -1   -1   -2   -2   -1
 753    9   -1   -2   -1   -2   -1   -1   -2   -1   -2
 754    9   -1   -2   -1   -2   -2   -1   -1   -1   -2
 755    9   -1   -2   -1   -2   -2   -1   -2   -1   -1
 756    9   -1   -2   -1   -2   -1   -2   -1   -2   -1
 757    9   -1   -2   -1   -1   -2   -1   -2   -1   -2
 758    9   -1   -2   -2   -1   -1   -2   -2   -1   -1
 759    9   -1   -2   -2   -1   -1   -1   -2   -1   -2
 760    9   -1   -2   -2   -1   -2   -1   -1   -1   -2
 761    9   -1   -2   -2   -1   -1   -1   -2   -2   -1
 762    9   -1   -2   -2   -1   -2   -2   -1   -1   -1
 763    9   -1   -2   -2   -2   -1   -1   -2   -1   -1
 764    9   -1   -2   -2   -1   -1   -1   -1   -2   -2
 765    9   -2   -1   -2   -1   -1   -1   -2   -1   -2
