       1      900      100      100      100      100      100      100      100      100      100
       2      100        0        0        0        0      100        0        0        0        0
       3      400      100        0      100        0      100        0        0      100        0
       4      400      100        0      100        0        0        0      100        0      100
       5   997603        0        0      100   329578   352511      100   315114      100      100
       6   998287        0        0        0   355681      100      100   319718      100   322588
       7      700        0      100      100      100        0      100      100      100      100
       8   998286        0        0   379105      100   277505        0   341376      100      100
       9   997906        0        0   542756        0      100      100   454850      100        0
      10      400        0        0        0      100      100        0      100        0      100
      11   997896   475282        0        0        0   522314      100      100        0      100
      12      600      100        0      100      100        0      100      100        0      100
      13   998242   998042        0        0        0      100        0        0        0      100
      14      700      100        0      100      100      100      100      100        0      100
      15      700        0      100      100      100        0      100      100      100      100
      16  1000369   193641        0   151700   176626        0   180510   150358      100   147434
      17      100        0        0        0        0      100        0        0        0        0
      18        0        0        0        0        0        0        0        0        0        0
      19        0        0        0        0        0        0        0        0        0        0
      20      100        0        0        0        0      100        0        0        0        0
      21        0        0        0        0        0        0        0        0        0        0
      22      200        0        0        0        0        0        0      100        0      100
      23      100        0        0        0        0      100        0        0        0        0
      24   998667        0        0        0        0      100   475679        0      100   522788
      25        0        0        0        0        0        0        0        0        0        0
      26      100        0        0        0        0        0        0        0        0      100
      27      200        0        0        0      100      100        0        0        0        0
      28        0        0        0        0        0        0        0        0        0        0
      29      100        0        0        0        0        0        0        0        0      100
      30        0        0        0        0        0        0        0        0        0        0
      31      100        0        0      100        0        0        0        0        0        0
      32      100        0      100        0        0        0        0        0        0        0
      33      400        0      100      100        0        0        0        0      100      100
      34      400        0      100        0      100        0      100        0      100        0
      35   999800        0        0   999800        0        0        0        0        0        0
      36      100        0        0        0        0        0        0      100        0        0
      37        0        0        0        0        0        0        0        0        0        0
      38        0        0        0        0        0        0        0        0        0        0
      39      100        0        0        0        0      100        0        0        0        0
      40   999900        0        0   999900        0        0        0        0        0        0
      41      200        0        0      100        0        0        0      100        0        0
      42      300        0        0        0      100      100        0      100        0        0
      43      300        0        0        0        0      100      100        0      100        0
      44      100        0        0        0        0        0        0        0      100        0
      45   998352        0        0        0        0      100        0   998152      100        0
      46   999800        0        0        0        0   999800        0        0        0        0
      47        0        0        0        0        0        0        0        0        0        0
      48      200        0        0      100        0        0        0        0        0      100
      49   999700        0        0        0        0   999700        0        0        0        0
      50      300      100        0      100        0        0        0      100        0        0
      51  1000700   148211        0   139375   171330        0   176181   192283        0   173320
      52      100        0        0        0        0        0        0        0      100        0
      53   999900   479161        0        0        0        0        0        0        0   520739
      54      400      100        0      100        0        0        0      100        0      100
      55   998862        0        0        0        0   466842      100        0      100   531820
      56      100        0        0        0        0        0        0        0      100        0
      57  1997062        0        0        0        0      100      100        0      100  1996762
      58   999902        0        0        0        1   999901        0        0        0        0
      59  1000700        0        0        0        0   194535   191223   200469   219559   194914
      60   999136        0        0        0        0        0        0   999036      100        0
      61   999092        0        0      100        0   343317        0   305082      100   350493
      62  1998559        0        0        0        0  1998459        0        0      100        0
      63  1000100        0        0        0        0   556018        0   444082        0        0
      64   999034        0        0      100        0   360305   317376   321153      100        0
      65   999892        0        0        0   250754        0   232433   217479      100   299126
      66   998989        0        0   314313        0        0      100   328015      100   356461
      67   999872        0        0   277046   212858        0        0   266122      100   243746
      68   999037        0        0      100   306176        0   319174        0      100   373487
      69  1000700        0        0   203501   208887        0   213238   196193        0   178881
      70  1997336        0        0      100  1016970        0      100   980066      100        0
      71  1000500        0        0        0   227660   246321        0   218176   308343        0
      72   997099        0        0      100        0      100        0      100      100   996699
      73      100        0        0        0        0        0        0        0      100        0
      74   998813        0        0      100        0   532171        0        0      100   466442
      75   999900        0        0        0        0   999900        0        0        0        0
      76   997755        0        0        0   997455      100        0      100      100        0
      77  1000700        0        0        0   209993   203722   192270        0   201537   193178
      78  1000200        0        0        0   525559        0        0        0   474641        0
      79  1000800        0        0   217250   188638   188613        0        0   198726   207573
      80  1000000        0        0        0   471652   528348        0        0        0        0
      81  1998370        0        0   721024   646541   630605      100        0      100        0
      82   999899        0        0        0   279226      100   237796   239296        0   243481
      83   996914        0        0      100      100        0      100   996514        0      100
      84   998102        0        0      100      100      100        0   508465        0   489337
      85      500        0        0      100      100      100      100        0        0      100
      86      500        0        0      100      100      100      100      100        0        0
      87  1000600        0        0        0   246457   255293        0   253133   245717        0
      88  1000600        0        0   182173        0   183502   214704   227714   192507        0
      89      100        0        0        0        0        0        0        0      100        0
      90  1000400        0        0        0   238419   237027        0   246412   278542        0
      91   999820        0        0   273951        0   374015   351754        0      100        0
      92   999800        0        0        0        0   999800        0        0        0        0
      93      100        0        0        0        0        0        0      100        0        0
      94        0        0        0        0        0        0        0        0        0        0
      95   999900        0        0        0        0   999900        0        0        0        0
      96      200        0        0        0        0        0        0      100        0      100
      97        0        0        0        0        0        0        0        0        0        0
      98  1999300        0        0        0        0        0        0  1999300        0        0
      99  1000100        0        0        0        0        0        0   484828        0   515272
     100  1000500        0        0        0        0   261551   234022   249646        0   255281
     101  1000100        0        0        0        0        0   548906   451194        0        0
     102   999900        0        0        0        0        0        0        0        0   999900
     103  1000600        0   204621        0   191869        0   195310        0   197474   211326
     104  1000500        0        0        0   242146        0   265425   253862        0   239067
     105      100        0        0        0        0        0      100        0        0        0
     106      100        0        0        0        0        0        0      100        0        0
     107   999900        0        0        0        0   999900        0        0        0        0
     108   999413        0        0        0   517329   481984        0      100        0        0
     109   997686        0        0        0   997386      100        0      100      100        0
     110   999184        0      100        0   324393        0      100        0   335043   339548
     111  1000200        0        0        0   401640        0        0        0        0   598560
     112   999127        0        0        0   999027        0      100        0        0        0
     113   999900        0        0        0        0        0        0   999900        0        0
     114   999900        0        0        0        0        0        0        0        0   999900
     115      100        0        0        0        0        0      100        0        0        0
     116  1999400        0        0        0        0        0        0  1999400        0        0
     117   999800        0        0        0        0   999800        0        0        0        0
     118  1000100        0        0   499470   500630        0        0        0        0        0
     119   999072        0        0   310679   330226        0      100   357967        0      100
     120   999735        0        0   350720   362565        0      100   286350        0        0
     121  1999300        0  1999300        0        0        0        0        0        0        0
     122      100        0      100        0        0        0        0        0        0        0
     123      400        0      100      100        0        0        0      100      100        0
     124  1000700        0        0   220322   203102   183176        0   194958        0   199142
     125   999900        0        0   999900        0        0        0        0        0        0
     126  1000102        0        0   493140        0        0        0   506961        1        0
     127  1000600        0   204025   186949   192694        0        0   221530        0   195402
     128  1999400        0        0  1999400        0        0        0        0        0        0
     129   999900        0        0   999900        0        0        0        0        0        0
     130   999274        0        0        0        0   999174        0        0        0      100
     131      100        0        0        0        0        0        0        0        0      100
     132      400        0        0      100        0      100        0        0      100      100
     133   999900        0        0        0        0   999900        0        0        0        0
     134   999015        0        0        0   330114        0   332826      100   335875      100
     135  1000100        0        0        0        0        0        0   490897   509203        0
     136  1998343        0        0   713101      100        0        0   661924   623118      100
     137  1000100        0        0        0   528656        0        0        0   471444        0
     138      400        0        0        0      100        0      100      100        0      100
     139  1000700        0        0   191211   196889        0   193291   238529   180780        0
     140   999900        0        0        0        0        0        0   999900        0        0
     141      100        0        0        0        0        0        0        0        0      100
     142        0        0        0        0        0        0        0        0        0        0
     143      400        0        0        0      100      100        0      100        0      100
     144   999800        0        0        0        0   999800        0        0        0        0
     145  1000200        0        0        0        0   335083        0   340696        0   324421
     146  1000200        0        0        0        0   471449        0   528751        0        0
     147        0        0        0        0        0        0        0        0        0        0
     148   999776        0        0        0      100   322948        0   309748        0   366980
     149   999800        0        0        0        0   999800        0        0        0        0
     150   999800        0        0        0        0   999800        0        0        0        0
     151  1000600   188871        0   214041        0        0        0   178916   209813   208959
     152  1000100   489440        0        0        0        0        0        0   510660        0
     153   998858   517805        0   480853        0        0        0      100        0      100
     154   999929   242468        0   226729        0        0      100   275396   255236        0
     155   997987      100        0   997687        0        0        0      100        0      100
     156  1000000  1000000        0        0        0        0        0        0        0        0
     157   997617      100        0   997317        0        0        0      100        0      100
     158        0        0        0        0        0        0        0        0        0        0
     159   999800        0        0        0        0   999800        0        0        0        0
     160   999900   999900        0        0        0        0        0        0        0        0
     161      100        0        0        0        0        0        0        0        0      100
     162   999800        0        0        0        0        0        0        0   999800        0
     163        0        0        0        0        0        0        0        0        0        0
     164      100        0        0        0        0        0        0        0        0      100
     165  1000000        0        0        0        0  1000000        0        0        0        0
     166      200        0        0        0        0      100        0        0        0      100
     167        0        0        0        0        0        0        0        0        0        0
     168   999466        0        0        0        0        0        0      100   999366        0
     169  1000400        0        0        0   423689        0        0        0   576711        0
     170      400        0        0        0      100        0      100      100        0      100
     171   998007        0        0        0        0      100      100        0   997707      100
     172      100        0        0        0        0        0        0        0        0      100
     173      100        0        0        0        0        0        0        0        0      100
     174      300        0        0        0        0      100      100        0        0      100
     175        0        0        0        0        0        0        0        0        0        0
     176  1000399        0        0        0        0   520262        0   480137        0        0
     177        0        0        0        0        0        0        0        0        0        0
     178  1000400        0        0        0        0  1000400        0        0        0        0
     179        0        0        0        0        0        0        0        0        0        0
     180        0        0        0        0        0        0        0        0        0        0
     181        0        0        0        0        0        0        0        0        0        0
     182        0        0        0        0        0        0        0        0        0        0
     183        0        0        0        0        0        0        0        0        0        0
     184  1999900        0        0        0        0        0        0  1058639   941261        0
     185        0        0        0        0        0        0        0        0        0        0
     186      100        0        0        0        0        0        0      100        0        0
     187  1000300        0        0        0        0        0        0   519662   480638        0
     188        0        0        0        0        0        0        0        0        0        0
     189        0        0        0        0        0        0        0        0        0        0
     190      100        0        0        0        0        0        0      100        0        0
     191        0        0        0        0        0        0        0        0        0        0
     192        0        0        0        0        0        0        0        0        0        0
     193  1000100        0        0        0        0  1000100        0        0        0        0
     194      300        0        0        0        0      100      100        0        0      100
     195  1000100        0        0        0        0  1000100        0        0        0        0
     196        0        0        0        0        0        0        0        0        0        0
     197  1000400        0        0        0        0  1000400        0        0        0        0
     198        0        0        0        0        0        0        0        0        0        0
     199  1000200        0        0        0        0  1000200        0        0        0        0
     200        0        0        0        0        0        0        0        0        0        0
     201        0        0        0        0        0        0        0        0        0        0
     202        0        0        0        0        0        0        0        0        0        0
     203      100        0        0        0        0        0        0      100        0        0
     204        0        0        0        0        0        0        0        0        0        0
     205        0        0        0        0        0        0        0        0        0        0
     206      100        0        0        0        0        0        0        0        0      100
     207        0        0        0        0        0        0        0        0        0        0
     208      100        0        0        0        0        0        0        0        0      100
     209        0        0        0        0        0        0        0        0        0        0
     210        0        0        0        0        0        0        0        0        0        0
     211      100        0        0        0        0        0        0        0        0      100
     212        0        0        0        0        0        0        0        0        0        0
     213        0        0        0        0        0        0        0        0        0        0
     214      100        0        0        0        0        0        0        0        0      100
     215        0        0        0        0        0        0        0        0        0        0
     216        0        0        0        0        0        0        0        0        0        0
     217        0        0        0        0        0        0        0        0        0        0
     218        0        0        0        0        0        0        0        0        0        0
     219      100        0        0        0      100        0        0        0        0        0
     220        0        0        0        0        0        0        0        0        0        0
     221      400        0        0      100      100        0      100      100        0        0
     222        0        0        0        0        0        0        0        0        0        0
     223        0        0        0        0        0        0        0        0        0        0
     224  1999600        0        0        0        0  1999600        0        0        0        0
     225      100        0        0        0        0        0        0        0        0      100
     226        0        0        0        0        0        0        0        0        0        0
     227   999390        0        0        0      100        0        0        0   999290        0
     228      200        0        0        0        0        0        0      100        0      100
     229  1000300        0        0   532151        0        0        0        0   468149        0
     230      200        0        0        0        0      100        0        0        0      100
     231        0        0        0        0        0        0        0        0        0        0
     232  1000000        0        0        0        0  1000000        0        0        0        0
     233      100        0        0        0      100        0        0        0        0        0
     234      300        0        0        0      100      100        0      100        0        0
     235        0        0        0        0        0        0        0        0        0        0
     236        0        0        0        0        0        0        0        0        0        0
     237        0        0        0        0        0        0        0        0        0        0
     238  1000202        0        0        1        0        0        0        0  1000201        0
     239        0        0        0        0        0        0        0        0        0        0
     240        0        0        0        0        0        0        0        0        0        0
     241      100        0        0        0      100        0        0        0        0        0
     242        0        0        0        0        0        0        0        0        0        0
     243      100        0        0        0        0        0        0      100        0        0
     244      100        0        0        0        0      100        0        0        0        0
     245  1000100        0        0        0        0        0        0  1000100        0        0
     246   998104        0        0        0      100        0        0   997804      100      100
     247      100        0        0        0      100        0        0        0        0        0
     248  1000700        0        0        0   254067        0   255570   269268        0   221795
     249   999921        0        0        0   356023        0   333683   310115      100        0
     250  1000300        0        0        0        0        0        0   551188        0   449112
     251  1000100        0        0        0        0        0        0        0        0  1000100
     252  1000300        0        0        0   477719        0        0        0        0   522581
     253  1000300        0        0        0        0   465830        0        0        0   534470
     254  1000600        0        0        0        0   268758   259712        0   234253   237877
     255        0        0        0        0        0        0        0        0        0        0
     256  1000600        0        0        0        0   352042        0        0   299515   349043
     257  1000200        0        0        0        0  1000200        0        0        0        0
     258  1000400        0        0        0        0  1000400        0        0        0        0
     259  1000100        0        0        0        0        0        0  1000100        0        0
     260  1000100        0        0        0        0        0        0        0        0  1000100
     261   997954        0        0        0      100      100        0   997654        0      100
     262  1999800        0        0        0        0        0  1103282   896518        0        0
     263  1000300        0        0        0        0        0   531124        0   469176        0
     264   997970        0        0        0      100      100        0   997670      100        0
     265   999520        0        0        0      100        0   999420        0        0        0
     266  1999900        0        0        0        0   937007  1062893        0        0        0
     267  1000100        0        0        0        0        0        0  1000100        0        0
     268        0        0        0        0        0        0        0        0        0        0
     269  1000200        0        0        0        0        0        0  1000200        0        0
     270  1000200        0        0        0        0        0        0  1000200        0        0
     271  1000100        0        0        0        0        0        0        0        0  1000100
     272        0        0        0        0        0        0        0        0        0        0
     273  1000300        0        0        0        0        0        0   485176        0   515124
     274        0        0        0        0        0        0        0        0        0        0
     275        0        0        0        0        0        0        0        0        0        0
     276  1000200        0        0        0        0        0  1000200        0        0        0
     277        0        0        0        0        0        0        0        0        0        0
     278        0        0        0        0        0        0        0        0        0        0
     279  1000300        0        0        0        0        0   500057   500243        0        0
     280  1000100        0        0        0        0        0        0        0        0  1000100
     281  1000100        0        0        0        0        0        0        0        0  1000100
     282        0        0        0        0        0        0        0        0        0        0
     283        0        0        0        0        0        0        0        0        0        0
     284        0        0        0        0        0        0        0        0        0        0
     285      100        0        0        0      100        0        0        0        0        0
     286   999228        0        0        0      100        0   999128        0        0        0
     287   999411        0      100        0        0        0   999311        0        0        0
     288      100        0        0        0      100        0        0        0        0        0
     289   998639        0        0        0      100        0        0   998439        0      100
     290  1000000        0        0        0        0  1000000        0        0        0        0
     291      100        0        0        0      100        0        0        0        0        0
     292      200        0        0        0      100      100        0        0        0        0
     293        0        0        0        0        0        0        0        0        0        0
     294        0        0        0        0        0        0        0        0        0        0
     295  1000100        0        0        0        0        0        0        0        0  1000100
     296        0        0        0        0        0        0        0        0        0        0
     297  1000200        0        0        0  1000200        0        0        0        0        0
     298  1000400        0        0   556014   444386        0        0        0        0        0
     299        0        0        0        0        0        0        0        0        0        0
     300      100        0        0      100        0        0        0        0        0        0
     301        0        0        0        0        0        0        0        0        0        0
     302      100        0        0      100        0        0        0        0        0        0
     303  1999600        0        0  1999600        0        0        0        0        0        0
     304      400        0      100      100      100        0        0      100        0        0
     305        0        0        0        0        0        0        0        0        0        0
     306        0        0        0        0        0        0        0        0        0        0
     307  1000100        0        0  1000100        0        0        0        0        0        0
     308  1000100        0        0  1000100        0        0        0        0        0        0
     309  1000100        0        0  1000100        0        0        0        0        0        0
     310  1000300        0        0   523335        0        0        0   476965        0        0
     311   999376        0        0   999276        0        0        0      100        0        0
     312   999338        0      100   999238        0        0        0        0        0        0
     313        0        0        0        0        0        0        0        0        0        0
     314  1000000        0        0        0        0  1000000        0        0        0        0
     315  1000200        0        0        0        0  1000200        0        0        0        0
     316   999988        0        0   325166        0        0        0   343925      100   330797
     317      100        0        0        0        0        0        0        0      100        0
     318      100        0        0        0        0      100        0        0        0        0
     319        0        0        0        0        0        0        0        0        0        0
     320  1000400        0        0        0        0  1000400        0        0        0        0
     321        0        0        0        0        0        0        0        0        0        0
     322   999391        0        0        0        0        0        0   999291      100        0
     323        0        0        0        0        0        0        0        0        0        0
     324        0        0        0        0        0        0        0        0        0        0
     325  1000200        0        0        0  1000200        0        0        0        0        0
     326        0        0        0        0        0        0        0        0        0        0
     327      100        0        0        0      100        0        0        0        0        0
     328        0        0        0        0        0        0        0        0        0        0
     329        0        0        0        0        0        0        0        0        0        0
     330  1000300        0        0        0        0   476359        0   523941        0        0
     331  1000800        0        0   252853   228230        0        0   290524        0   229193
     332  1000200        0        0        0   440956   559244        0        0        0        0
     333        0        0        0        0        0        0        0        0        0        0
     334  1000300   543569        0        0        0        0        0        0   456731        0
     335   997771      100        0      100        0        0        0   997471        0      100
     336   998952   464573        0      100        0        0        0   534179        0      100
     337  1000500        0        0        0        0        0        0   310857   326728   362915
     338   998804        0        0        0        0        0      100        0      100   998604
     339  2000300        0        0        0        0        0   564084   750864        0   685352
     340  2997645        0        0        0        0        0      100  2997445      100        0
     341  1999025        0        0        0        0        0        0        0      100  1998925
     342   998692        0        0        0        0      100        0        0      100   998492
     343  2000000        0        0        0        0   943060        0        0        0  1056940
     344      300        0        0        0        0      100        0      100      100        0
     345        0        0        0        0        0        0        0        0        0        0
     346  1000300        0        0        0        0  1000300        0        0        0        0
     347   998570        0        0        0        0   998370      100        0      100        0
     348      100        0        0        0        0        0      100        0        0        0
     349  1000100        0        0        0        0  1000100        0        0        0        0
     350   998831        0        0        0        0      100      100        0        0   998631
     351      300        0        0        0        0      100      100      100        0        0
     352  1000200        0        0        0        0        0  1000200        0        0        0
     353  2000200        0        0        0        0   697755   691446        0   610999        0
     354  2000100        0        0        0        0  1049852   950248        0        0        0
     355      100        0        0        0        0        0        0        0      100        0
     356        0        0        0        0        0        0        0        0        0        0
     357   999484        0        0        0        0        0        0   999384      100        0
     358        0        0        0        0        0        0        0        0        0        0
     359  1999163        0        0        0  1999063        0        0        0      100        0
     360      300        0        0        0      100        0      100        0        0      100
     361        0        0        0        0        0        0        0        0        0        0
     362      100        0        0        0        0        0        0        0      100        0
     363  1000300        0        0        0        0        0        0        0        0  1000300
     364      100        0        0        0        0        0        0        0      100        0
     365  1000200        0        0        0        0        0        0        0        0  1000200
     366      300        0        0        0      100      100      100        0        0        0
     367  1000400        0        0        0        0   457255   543145        0        0        0
     368  2000000        0        0        0        0        0        0   965989        0  1034011
     369  1000600        0        0        0        0        0   308978        0   369516   322106
     370  1000600        0        0        0        0        0   357122   359011        0   284467
     371  2999600        0        0        0        0        0  1614076  1385524        0        0
     372  1999800        0        0        0        0        0        0  1999800        0        0
     373  1000200        0        0        0        0  1000200        0        0        0        0
     374  1000400        0        0        0        0   507203        0   493197        0        0
     375  2000200        0        0        0        0   646255        0   725643   628302        0
     376  1000200        0        0        0        0        0        0  1000200        0        0
     377  1000400        0        0        0        0        0        0   572158        0   428242
     378  1000200        0        0        0        0  1000200        0        0        0        0
     379  2000000        0        0        0        0        0  1047711   952289        0        0
     380  1000200        0        0        0        0        0        0  1000200        0        0
     381  1000600        0        0        0        0   369983        0   316113   314504        0
     382  1999800        0        0        0        0  1999800        0        0        0        0
     383  1000400        0        0        0        0   468613        0   531787        0        0
     384        0        0        0        0        0        0        0        0        0        0
     385        0        0        0        0        0        0        0        0        0        0
     386   999441        0        0        0        0        0        0   999341      100        0
     387   998730        0        0      100        0        0        0   998530        0      100
     388      100        0        0      100        0        0        0        0        0        0
     389   998763        0        0      100        0        0      100   998563        0        0
     390   999457        0        0        0        0        0        0   999357      100        0
     391        0        0        0        0        0        0        0        0        0        0
     392        0        0        0        0        0        0        0        0        0        0
     393   998751        0        0      100        0        0        0        0      100   998551
     394  2000200        0        0   658963        0        0        0   606523        0   734714
     395   999519        0        0      100        0        0        0   999419        0        0
     396      300        0        0      100        0      100        0        0        0      100
     397   999440        0        0      100        0        0        0   999340        0        0
     398  1998219        0        0      100        0  1998019        0        0      100        0
     399  1000400        0        0        0        0   508393        0   492007        0        0
     400  1000400        0        0        0        0        0   556897        0        0   443503
     401  1998988        0        0        0        0        0  1998888        0      100        0
     402  1000200        0        0        0        0  1000200        0        0        0        0
     403   999462        0        0        0        0   999362        0        0      100        0
     404      300        0        0      100        0      100      100        0        0        0
     405  1000200        0        0        0        0  1000200        0        0        0        0
     406  1000400        0        0        0        0        0   475734   524666        0        0
     407  1000400        0        0        0        0   556496        0   443904        0        0
     408   998750        0        0        0        0        0        0      100      100   998550
     409  1000600        0        0        0   318470        0        0        0   303837   378293
     410  2999800        0        0        0   981081        0        0  1042576        0   976143
     411   998747        0        0        0   998547        0        0      100      100        0
     412  1000400        0        0        0   442352        0        0        0        0   558048
     413  2000300        0        0        0   619738        0   776496        0        0   604066
     414  1999127        0        0        0  1999027        0      100        0        0        0
     415  1998198        0        0        0        0        0      100      100        0  1997998
     416  1000200        0        0        0        0        0        0        0        0  1000200
     417  2000200        0        0        0   733154        0   679061        0        0   587985
     418      100        0        0        0        0        0      100        0        0        0
     419  1000600        0        0   369322        0        0        0   352947        0   278331
     420      300        0        0      100        0        0        0      100      100        0
     421  2000100        0        0   670149   680769        0        0        0        0   649182
     422  1000400        0        0   505408   494992        0        0        0        0        0
     423   998754        0        0      100      100        0        0        0        0   998554
     424      100        0        0      100        0        0        0        0        0        0
     425  1000402        0        0        1   494488        0        0        0        0   505913
     426   999500        0        0        0   999400        0        0        0      100        0
     427      300        0        0      100      100        0      100        0        0        0
     428  2000000        0        0        0   975254        0        0  1024746        0        0
     429  1000400        0        0        0   512530        0        0        0   487870        0
     430  2000100        0        0        0   944328  1055772        0        0        0        0
     431   998882        0        0        0   998682      100        0        0      100        0
     432   998795        0        0        0        0      100        0      100        0   998595
     433  1999800        0        0        0        0        0        0  1999800        0        0
     434  1000300        0        0        0        0  1000300        0        0        0        0
     435   998756        0        0        0   998556      100        0      100        0        0
     436  2000200        0        0        0        0   581625        0   699575   719000        0
     437        0        0        0        0        0        0        0        0        0        0
     438  1000200        0        0        0        0  1000200        0        0        0        0
     439   998625        0        0      100        0        0        0      100        0   998425
     440      300        0        0      100        0      100        0      100        0        0
     441  1000400        0        0   533226        0        0        0        0   467174        0
     442  1000600        0        0   281210        0   357742        0        0   361648        0
     443        0        0        0        0        0        0        0        0        0        0
     444   999518        0        0        0   999418        0        0        0      100        0
     445      100        0        0      100        0        0        0        0        0        0
     446      300        0        0      100      100        0        0      100        0        0
     447  1999800        0        0  1999800        0        0        0        0        0        0
     448      300        0        0      100      100      100        0        0        0        0
     449  2999800        0        0        0  1099675        0   958861        0        0   941264
     450  1000400        0        0        0   460801        0        0        0        0   539599
     451   999505        0        0        0   999405        0      100        0        0        0
     452  2999699        0        0        0  1622873        0        0        0  1376826        0
     453  1000500        0        0        0   394559   302561        0        0   303380        0
     454  1000400        0        0        0   459096        0        0        0        0   541304
     455   998828        0        0      100   998628        0      100        0        0        0
     456  1000300        0        0        0   487608        0        0        0   512692        0
     457  1000400        0        0   492464   507936        0        0        0        0        0
     458  1000200        0        0        0        0        0        0  1000200        0        0
     459  1999800        0        0        0        0  1999800        0        0        0        0
     460      100        0        0      100        0        0        0        0        0        0
     461  1000200        0        0        0        0        0        0  1000200        0        0
     462        0        0        0        0        0        0        0        0        0        0
     463  1000200        0        0        0        0        0        0  1000200        0        0
     464  1000300        0        0        0        0        0        0  1000300        0        0
     465        0        0        0        0        0        0        0        0        0        0
     466      100        0        0        0        0        0        0      100        0        0
     467      100        0        0        0        0        0        0      100        0        0
     468  1000200        0        0        0  1000200        0        0        0        0        0
     469   999474        0        0        0   999374        0      100        0        0        0
     470        0        0        0        0        0        0        0        0        0        0
     471        0        0        0        0        0        0        0        0        0        0
     472        0        0        0        0        0        0        0        0        0        0
     473        0        0        0        0        0        0        0        0        0        0
     474        0        0        0        0        0        0        0        0        0        0
     475  1000500        0        0        0        0        0        0   517393        0   483107
     476        0        0        0        0        0        0        0        0        0        0
     477  2000000        0        0        0        0        0        0        0   988938  1011062
     478  1999800        0        0        0        0        0        0        0        0  1999800
     479        0        0        0        0        0        0        0        0        0        0
     480        0        0        0        0        0        0        0        0        0        0
     481  1999800        0        0        0        0  1999800        0        0        0        0
     482        0        0        0        0        0        0        0        0        0        0
     483        0        0        0        0        0        0        0        0        0        0
     484  1000200        0        0        0        0        0        0        0        0  1000200
     485  1000200        0        0        0        0        0        0        0  1000200        0
     486        0        0        0        0        0        0        0        0        0        0
     487        0        0        0        0        0        0        0        0        0        0
     488  1999800        0        0        0        0  1999800        0        0        0        0
     489  1000200        0        0        0        0        0        0  1000200        0        0
     490        0        0        0        0        0        0        0        0        0        0
     491      100        0        0        0        0        0        0      100        0        0
     492  1000200        0        0        0        0        0        0  1000200        0        0
     493  1000200        0        0        0        0        0        0  1000200        0        0
     494  1000200        0        0        0        0        0        0  1000200        0        0
     495  1000200        0        0        0        0        0        0  1000200        0        0
     496  1000400        0        0        0        0        0        0   523324        0   477076
     497        0        0        0        0        0        0        0        0        0        0
     498        0        0        0        0        0        0        0        0        0        0
     499  2000000        0        0        0        0        0  1135656   864344        0        0
     500  1000400        0        0        0        0   549245        0   451155        0        0
     501        0        0        0        0        0        0        0        0        0        0
     502  1000400        0   483782        0        0        0        0        0        0   516618
     503        0        0        0        0        0        0        0        0        0        0
     504  1000400        0        0        0   530568        0        0        0   469832        0
     505   999482        0        0        0   999382        0        0      100        0        0
     506   998670        0      100        0   998470        0        0        0      100        0
     507        0        0        0        0        0        0        0        0        0        0
     508      100        0        0        0        0        0        0      100        0        0
     509  1000100        0        0        0        0  1000100        0        0        0        0
     510  1000400        0        0        0   494028        0        0        0        0   506372
     511  2000100        0        0   599901        0        0        0   703822        0   696377
     512  2000100        0        0   971843        0        0        0  1028257        0        0
     513  1000200        0        0  1000200        0        0        0        0        0        0
     514  1000400        0        0   509756        0        0        0   490644        0        0
     515  1999900        0        0   974212        0        0        0  1025688        0        0
     516  1000200        0        0  1000200        0        0        0        0        0        0
     517  1999069        0        0        0        0        0        0        0  1998969      100
     518  1000500        0        0        0        0        0   423769        0   223261   353470
     519   998717        0        0        0        0        0   998517      100        0      100
     520  2000100        0        0        0        0        0   946830        0  1053270        0
     521        0        0        0        0        0        0        0        0        0        0
     522  1000300        0        0        0        0  1000300        0        0        0        0
     523   998662        0        0        0        0   998462        0      100        0      100
     524        0        0        0        0        0        0        0        0        0        0
     525  1000400        0        0        0        0   502675        0        0        0   497725
     526  1000300        0        0        0        0  1000300        0        0        0        0
     527      100        0        0        0        0        0        0        0        0      100
     528        0        0        0        0        0        0        0        0        0        0
     529      300        0        0      100        0        0        0      100        0      100
     530  1000500        0        0   573624        0        0        0        0   426876        0
     531  1000200        0        0        0        0  1000200        0        0        0        0
     532        0        0        0        0        0        0        0        0        0        0
     533      100        0        0        0        0        0        0      100        0        0
     534  1000500        0        0        0        0        0        0   515087   485413        0
     535  1000200        0        0        0  1000200        0        0        0        0        0
     536  1999900        0        0        0  1045982        0        0        0   953918        0
     537        0        0        0        0        0        0        0        0        0        0
     538        0        0        0        0        0        0        0        0        0        0
     539        0        0        0        0        0        0        0        0        0        0
     540        0        0        0        0        0        0        0        0        0        0
     541        0        0        0        0        0        0        0        0        0        0
     542        0        0        0        0        0        0        0        0        0        0
     543      100        0        0        0        0        0        0        0        0      100
     544      100        0        0        0        0        0        0        0        0      100
     545        0        0        0        0        0        0        0        0        0        0
     546        0        0        0        0        0        0        0        0        0        0
     547        0        0        0        0        0        0        0        0        0        0
     548      100        0        0        0        0        0        0      100        0        0
     549        0        0        0        0        0        0        0        0        0        0
     550      100        0        0        0        0        0        0      100        0        0
     551  1999437        0        0        0        0        0        0        0  1999337      100
     552      100        0        0        0        0        0        0        0        0      100
     553        0        0        0        0        0        0        0        0        0        0
     554      100        0        0        0        0        0        0        0        0      100
     555        0        0        0        0        0        0        0        0        0        0
     556  1000500        0        0        0        0  1000500        0        0        0        0
     557        0        0        0        0        0        0        0        0        0        0
     558      100        0        0        0        0      100        0        0        0        0
     559      200        0        0        0        0      100        0      100        0        0
     560  1000500        0        0        0        0        0   494589        0   505911        0
     561  1000200        0        0        0        0  1000200        0        0        0        0
     562  1000400        0        0        0        0        0  1000400        0        0        0
     563        0        0        0        0        0        0        0        0        0        0
     564  1999281        0        0        0        0        0        0        0  1999181      100
     565      200        0        0        0        0        0      100        0        0      100
     566  1999297        0        0        0        0        0      100        0  1999197        0
     567        0        0        0        0        0        0        0        0        0        0
     568      100        0        0        0        0        0        0      100        0        0
     569      100        0        0        0      100        0        0        0        0        0
     570  1000400        0        0        0        0        0        0        0        0  1000400
     571  1000600        0        0        0        0   563694        0        0        0   436906
     572  2000100        0        0        0        0  2000100        0        0        0        0
     573   999765        0        0        0        0        0      100        0   999665        0
     574   999465        0        0        0        0      100        0        0   999365        0
     575      200        0        0        0        0      100      100        0        0        0
     576  1000399        0        0        0        0        0        0        0        0  1000399
     577        0        0        0        0        0        0        0        0        0        0
     578      200        0        0        0      100        0      100        0        0        0
     579        0        0        0        0        0        0        0        0        0        0
     580        0        0        0        0        0        0        0        0        0        0
     581  2000200        0        0        0        0        0        0        0        0  2000200
     582        0        0        0        0        0        0        0        0        0        0
     583        0        0        0        0        0        0        0        0        0        0
     584        0        0        0        0        0        0        0        0        0        0
     585        0        0        0        0        0        0        0        0        0        0
     586        0        0        0        0        0        0        0        0        0        0
     587        0        0        0        0        0        0        0        0        0        0
     588        0        0        0        0        0        0        0        0        0        0
     589        0        0        0        0        0        0        0        0        0        0
     590        0        0        0        0        0        0        0        0        0        0
     591  1000400        0        0        0        0        0  1000400        0        0        0
     592        0        0        0        0        0        0        0        0        0        0
     593  1000400        0        0        0        0        0        0  1000400        0        0
     594  1000600        0        0        0        0        0        0   521951   478649        0
     595  1000400        0        0        0        0  1000400        0        0        0        0
     596  1000400        0        0        0        0  1000400        0        0        0        0
     597        0        0        0        0        0        0        0        0        0        0
     598  1000400        0        0        0        0  1000400        0        0        0        0
     599        0        0        0        0        0        0        0        0        0        0
     600        0        0        0        0        0        0        0        0        0        0
     601        0        0        0        0        0        0        0        0        0        0
     602  1000400        0        0        0        0        0        0  1000400        0        0
     603        0        0        0        0        0        0        0        0        0        0
     604        0        0        0        0        0        0        0        0        0        0
     605  1000400        0        0        0        0  1000400        0        0        0        0
     606        0        0        0        0        0        0        0        0        0        0
     607        0        0        0        0        0        0        0        0        0        0
     608        0        0        0        0        0        0        0        0        0        0
     609   999701        0        0   999601        0        0        0        0        0      100
     610  1000600        0        0   469088        0        0        0        0   531512        0
     611        0        0        0        0        0        0        0        0        0        0
     612      100        0        0        0        0        0        0      100        0        0
     613        0        0        0        0        0        0        0        0        0        0
     614      100        0        0        0        0        0        0      100        0        0
     615   999742        0        0   999642        0        0      100        0        0        0
     616        0        0        0        0        0        0        0        0        0        0
     617        0        0        0        0        0        0        0        0        0        0
     618      100        0        0        0        0        0        0        0        0      100
     619        0        0        0        0        0        0        0        0        0        0
     620        0        0        0        0        0        0        0        0        0        0
     621        0        0        0        0        0        0        0        0        0        0
     622        0        0        0        0        0        0        0        0        0        0
     623   999712        0        0   999612        0        0        0      100        0        0
     624      100        0        0        0        0      100        0        0        0        0
     625        0        0        0        0        0        0        0        0        0        0
     626        0        0        0        0        0        0        0        0        0        0
     627        0        0        0        0        0        0        0        0        0        0
     628        0        0        0        0        0        0        0        0        0        0
     629      100        0        0        0        0        0      100        0        0        0
     630      100        0        0        0        0      100        0        0        0        0
     631        0        0        0        0        0        0        0        0        0        0
     632      100        0        0        0        0        0        0        0        0      100
     633        0        0        0        0        0        0        0        0        0        0
     634        0        0        0        0        0        0        0        0        0        0
     635        0        0        0        0        0        0        0        0        0        0
     636        0        0        0        0        0        0        0        0        0        0
     637      100        0        0        0      100        0        0        0        0        0
     638      100        0        0        0      100        0        0        0        0        0
     639  1000400        0        0        0        0        0        0        0        0  1000400
     640        0        0        0        0        0        0        0        0        0        0
     641  1999340        0        0        0      100        0  1999240        0        0        0
     642        0        0        0        0        0        0        0        0        0        0
     643        0        0        0        0        0        0        0        0        0        0
     644      200        0        0      100        0        0        0      100        0        0
     645  1000400        0        0  1000400        0        0        0        0        0        0
     646      100        0        0        0      100        0        0        0        0        0
     647        0        0        0        0        0        0        0        0        0        0
     648  1000400        0        0        0        0        0        0        0  1000400        0
     649      100        0        0        0      100        0        0        0        0        0
     650        0        0        0        0        0        0        0        0        0        0
     651  2000100        0        0        0        0        0        0  2000100        0        0
     652  2000100        0        0        0        0  2000100        0        0        0        0
     653        0        0        0        0        0        0        0        0        0        0
     654      100        0        0        0      100        0        0        0        0        0
     655  1000400        0        0  1000400        0        0        0        0        0        0
     656        0        0        0        0        0        0        0        0        0        0
     657        0        0        0        0        0        0        0        0        0        0
     658  3000000        0        0        0        0        0        0  1779263        0  1220737
     659  1000400        0        0        0        0        0        0  1000400        0        0
     660  1000400        0        0        0        0        0        0  1000400        0        0
     661        0        0        0        0        0        0        0        0        0        0
     662  3000100        0        0        0        0        0  1579654  1420446        0        0
     663      100        0        0        0      100        0        0        0        0        0
     664  1999427        0        0        0      100        0        0  1999327        0        0
     665  1000600        0        0        0   443975        0        0        0        0   556625
     666   999451        0        0        0      100        0   999351        0        0        0
     667  1000400        0        0        0        0        0        0        0        0  1000400
     668  2000300        0        0        0        0   858438        0        0        0  1141862
     669  1000400        0        0        0        0        0        0        0        0  1000400
     670        0        0        0        0        0        0        0        0        0        0
     671  1000500        0        0        0        0        0   519478        0   481022        0
     672  2000400        0        0        0        0   878907        0        0  1121493        0
     673  1000400        0        0        0        0        0        0        0        0  1000400
     674  2000100        0        0        0        0        0        0        0  2000100        0
     675        0        0        0        0        0        0        0        0        0        0
     676  1000500        0        0        0        0  1000500        0        0        0        0
     677  1000600        0        0        0        0        0   492424   508176        0        0
     678  1000400        0        0        0        0        0        0  1000400        0        0
     679   999705        0        0        0      100        0        0   999605        0        0
     680        0        0        0        0        0        0        0        0        0        0
     681  1000400        0        0        0        0        0        0  1000400        0        0
     682        0        0        0        0        0        0        0        0        0        0
     683        0        0        0        0        0        0        0        0        0        0
     684        0        0        0        0        0        0        0        0        0        0
     685  1000400        0        0  1000400        0        0        0        0        0        0
     686  1000500        0        0   506490        0        0        0   494010        0        0
     687        0        0        0        0        0        0        0        0        0        0
     688        0        0        0        0        0        0        0        0        0        0
     689        0        0        0        0        0        0        0        0        0        0
     690        0        0        0        0        0        0        0        0        0        0
     691  2000200        0        0        0        0        0        0   927753        0  1072447
     692  1000200        0        0        0        0  1000200        0        0        0        0
     693        0        0        0        0        0        0        0        0        0        0
     694  2000400        0        0        0        0        0        0        0        0  2000400
     695  1000500        0        0        0        0        0        0        0        0  1000500
     696      100        0        0        0        0        0        0        0      100        0
     697      100        0        0        0        0        0      100        0        0        0
     698  2000300        0        0        0        0        0        0  2000300        0        0
     699        0        0        0        0        0        0        0        0        0        0
     700      100        0        0        0        0        0        0        0      100        0
     701  1000500        0        0        0        0        0        0        0        0  1000500
     702      100        0        0        0        0        0        0      100        0        0
     703      100        0        0        0        0      100        0        0        0        0
     704  2000300        0        0        0        0  2000300        0        0        0        0
     705        0        0        0        0        0        0        0        0        0        0
     706  1000200        0        0        0        0  1000200        0        0        0        0
     707  1000500        0        0        0        0        0  1000500        0        0        0
     708        0        0        0        0        0        0        0        0        0        0
     709      100        0        0        0        0        0        0        0      100        0
     710      100        0        0        0        0        0      100        0        0        0
     711        0        0        0        0        0        0        0        0        0        0
     712        0        0        0        0        0        0        0        0        0        0
     713        0        0        0        0        0        0        0        0        0        0
     714  2000300        0        0        0        0        0        0        0        0  2000300
     715        0        0        0        0        0        0        0        0        0        0
     716  1000500        0        0        0        0        0  1000500        0        0        0
     717        0        0        0        0        0        0        0        0        0        0
     718  1000500        0        0        0        0        0        0  1000500        0        0
     719        0        0        0        0        0        0        0        0        0        0
     720        0        0        0        0        0        0        0        0        0        0
     721  2000300        0        0        0        0  2000300        0        0        0        0
     722  1000300        0        0        0        0  1000300        0        0        0        0
     723  2000200        0        0        0        0        0        0  2000200        0        0
     724        0        0        0        0        0        0        0        0        0        0
     725  1000400        0        0        0        0  1000400        0        0        0        0
     726      100        0        0      100        0        0        0        0        0        0
     727      100        0        0      100        0        0        0        0        0        0
     728      100        0        0      100        0        0        0        0        0        0
     729  2000100        0        0        0        0        0        0        0        0  2000100
     730      100        0        0        0        0        0        0      100        0        0
     731  2000400        0        0        0  2000400        0        0        0        0        0
     732  2000100        0        0        0  2000100        0        0        0        0        0
     733        0        0        0        0        0        0        0        0        0        0
     734  2000300        0        0        0  2000300        0        0        0        0        0
     735  3000200        0        0        0        0        0        0  3000200        0        0
     736  1000300        0        0        0        0  1000300        0        0        0        0
     737        0        0        0        0        0        0        0        0        0        0
     738        0        0        0        0        0        0        0        0        0        0
     739        0        0        0        0        0        0        0        0        0        0
     740  1000500        0        0        0        0        0        0  1000500        0        0
     741        0        0        0        0        0        0        0        0        0        0
     742        0        0        0        0        0        0        0        0        0        0
     743        0        0        0        0        0        0        0        0        0        0
     744  1000300        0        0        0        0        0        0        0        0  1000300
     745        0        0        0        0        0        0        0        0        0        0
     746        0        0        0        0        0        0        0        0        0        0
     747        0        0        0        0        0        0        0        0        0        0
     748        0        0        0        0        0        0        0        0        0        0
     749        0        0        0        0        0        0        0        0        0        0
     750  1000200        0        0        0        0  1000200        0        0        0        0
     751        0        0        0        0        0        0        0        0        0        0
     752        0        0        0        0        0        0        0        0        0        0
     753        0        0        0        0        0        0        0        0        0        0
     754        0        0        0        0        0        0        0        0        0        0
     755        0        0        0        0        0        0        0        0        0        0
     756        0        0        0        0        0        0        0        0        0        0
     757        0        0        0        0        0        0        0        0        0        0
     758        0        0        0        0        0        0        0        0        0        0
     759        0        0        0        0        0        0        0        0        0        0
     760        0        0        0        0        0        0        0        0        0        0
     761        0        0        0        0        0        0        0        0        0        0
     762        0        0        0        0        0        0        0        0        0        0
     763        0        0        0        0        0        0        0        0        0        0
     764        0        0        0        0        0        0        0        0        0        0
     765        0        0        0        0        0        0        0        0        0        0
