  0.10000000E+01    0.10000000E+01    0.10000000E+01    0.10000000E+01    0.10000000E+01    0.10000000E+01    0.10000000E+01    0.10000000E+01    0.10000000E+01    0.10000000E+01    0.10000000E+01
  0.99804878E+00    0.10000000E+01    0.10000000E+01    0.10000000E+01    0.10000000E+01    0.10000000E+01    0.10000000E+01    0.10000000E+01    0.10000000E+01    0.10000000E+01    0.10000000E+01
  0.99097960E+00    0.99804878E+00    0.10000000E+01    0.10000000E+01    0.10000000E+01    0.10000000E+01    0.10000000E+01    0.10000000E+01    0.10000000E+01    0.10000000E+01    0.10000000E+01
  0.97440487E+00    0.99097960E+00    0.99804878E+00    0.10000000E+01    0.10000000E+01    0.10000000E+01    0.10000000E+01    0.10000000E+01    0.10000000E+01    0.10000000E+01    0.10000000E+01
  0.94251762E+00    0.97440487E+00    0.99097960E+00    0.99804878E+00    0.10000000E+01    0.10000000E+01    0.10000000E+01    0.10000000E+01    0.10000000E+01    0.10000000E+01    0.10000000E+01
  0.89269606E+00    0.94251762E+00    0.97440487E+00    0.99097960E+00    0.99804878E+00    0.10000000E+01    0.10000000E+01    0.10000000E+01    0.10000000E+01    0.10000000E+01    0.10000000E+01
  0.82583075E+00    0.89269606E+00    0.94251762E+00    0.97440487E+00    0.99097960E+00    0.99804878E+00    0.10000000E+01    0.10000000E+01    0.10000000E+01    0.10000000E+01    0.10000000E+01
  0.74545236E+00    0.82583075E+00    0.89269606E+00    0.94251762E+00    0.97440487E+00    0.99097960E+00    0.99804878E+00    0.10000000E+01    0.10000000E+01    0.10000000E+01    0.10000000E+01
  0.65735586E+00    0.74545236E+00    0.82583075E+00    0.89269606E+00    0.94251762E+00    0.97440487E+00    0.99097960E+00    0.99804878E+00    0.10000000E+01    0.10000000E+01    0.10000000E+01
  0.56743822E+00    0.65735586E+00    0.74545236E+00    0.82583075E+00    0.89269606E+00    0.94251762E+00    0.97440487E+00    0.99097960E+00    0.99804878E+00    0.10000000E+01    0.10000000E+01
  0.52247941E+00    0.61162893E+00    0.70140411E+00    0.78564155E+00    0.85926340E+00    0.91760684E+00    0.95846124E+00    0.98269223E+00    0.99451419E+00    0.99902439E+00    0.10000000E+01
