  0.10000000E+01    0.10000000E+01    0.10000000E+01    0.10000000E+01    0.10000000E+01    0.10000000E+01    0.10000000E+01    0.10000000E+01    0.10000000E+01    0.10000000E+01    0.10000000E+01
  0.99610136E+00    0.10000000E+01    0.10000000E+01    0.10000000E+01    0.10000000E+01    0.10000000E+01    0.10000000E+01    0.10000000E+01    0.10000000E+01    0.10000000E+01    0.10000000E+01
  0.98350511E+00    0.99610136E+00    0.10000000E+01    0.10000000E+01    0.10000000E+01    0.10000000E+01    0.10000000E+01    0.10000000E+01    0.10000000E+01    0.10000000E+01    0.10000000E+01
  0.95683894E+00    0.98350511E+00    0.99610136E+00    0.10000000E+01    0.10000000E+01    0.10000000E+01    0.10000000E+01    0.10000000E+01    0.10000000E+01    0.10000000E+01    0.10000000E+01
  0.91075865E+00    0.95683894E+00    0.98350511E+00    0.99610136E+00    0.10000000E+01    0.10000000E+01    0.10000000E+01    0.10000000E+01    0.10000000E+01    0.10000000E+01    0.10000000E+01
  0.84426159E+00    0.91075865E+00    0.95683894E+00    0.98350511E+00    0.99610136E+00    0.10000000E+01    0.10000000E+01    0.10000000E+01    0.10000000E+01    0.10000000E+01    0.10000000E+01
  0.76118110E+00    0.84426159E+00    0.91075865E+00    0.95683894E+00    0.98350511E+00    0.99610136E+00    0.10000000E+01    0.10000000E+01    0.10000000E+01    0.10000000E+01    0.10000000E+01
  0.66765916E+00    0.76118110E+00    0.84426159E+00    0.91075865E+00    0.95683894E+00    0.98350511E+00    0.99610136E+00    0.10000000E+01    0.10000000E+01    0.10000000E+01    0.10000000E+01
  0.57127876E+00    0.66765916E+00    0.76118110E+00    0.84426159E+00    0.91075865E+00    0.95683894E+00    0.98350511E+00    0.99610136E+00    0.10000000E+01    0.10000000E+01    0.10000000E+01
  0.47982491E+00    0.57185392E+00    0.66765916E+00    0.76118110E+00    0.84426159E+00    0.91075865E+00    0.95683894E+00    0.98350511E+00    0.99610136E+00    0.10000000E+01    0.10000000E+01
  0.43409799E+00    0.52395131E+00    0.61946896E+00    0.71442013E+00    0.80272134E+00    0.87751012E+00    0.93379879E+00    0.97017202E+00    0.98980324E+00    0.99805068E+00    0.10000000E+01
