  0.10000000E+01    0.10000000E+01    0.10000000E+01    0.10000000E+01    0.10000000E+01    0.10000000E+01    0.10000000E+01    0.10000000E+01    0.10000000E+01    0.10000000E+01    0.10000000E+01
  0.50048780E+00    0.10000000E+01    0.10000000E+01    0.10000000E+01    0.10000000E+01    0.10000000E+01    0.10000000E+01    0.10000000E+01    0.10000000E+01    0.10000000E+01    0.10000000E+01
  0.25073171E+00    0.50097466E+00    0.10000000E+01    0.10000000E+01    0.10000000E+01    0.10000000E+01    0.10000000E+01    0.10000000E+01    0.10000000E+01    0.10000000E+01    0.10000000E+01
  0.12585366E+00    0.25146199E+00    0.50194553E+00    0.10000000E+01    0.10000000E+01    0.10000000E+01    0.10000000E+01    0.10000000E+01    0.10000000E+01    0.10000000E+01    0.10000000E+01
  0.63414634E-01    0.12670565E+00    0.25291829E+00    0.50387597E+00    0.10000000E+01    0.10000000E+01    0.10000000E+01    0.10000000E+01    0.10000000E+01    0.10000000E+01    0.10000000E+01
  0.32195122E-01    0.64327485E-01    0.12840467E+00    0.25581395E+00    0.50769231E+00    0.10000000E+01    0.10000000E+01    0.10000000E+01    0.10000000E+01    0.10000000E+01    0.10000000E+01
  0.16585366E-01    0.33138402E-01    0.66147860E-01    0.13178295E+00    0.26153846E+00    0.51515152E+00    0.10000000E+01    0.10000000E+01    0.10000000E+01    0.10000000E+01    0.10000000E+01
  0.87804878E-02    0.17543860E-01    0.35019455E-01    0.69767442E-01    0.13846154E+00    0.27272727E+00    0.52941176E+00    0.10000000E+01    0.10000000E+01    0.10000000E+01    0.10000000E+01
  0.48780488E-02    0.97465887E-02    0.19455253E-01    0.38759690E-01    0.76923077E-01    0.15151515E+00    0.29411765E+00    0.55555556E+00    0.10000000E+01    0.10000000E+01    0.10000000E+01
  0.29268293E-02    0.58479532E-02    0.11673152E-01    0.23255814E-01    0.46153846E-01    0.90909091E-01    0.17647059E+00    0.33333333E+00    0.60000000E+00    0.10000000E+01    0.10000000E+01
  0.19512195E-02    0.38986355E-02    0.77821012E-02    0.15503876E-01    0.30769231E-01    0.60606061E-01    0.11764706E+00    0.22222222E+00    0.40000000E+00    0.66666667E+00    0.10000000E+01
