  0.10000000E+01    0.10000000E+01    0.10000000E+01    0.10000000E+01    0.10000000E+01    0.10000000E+01    0.10000000E+01    0.10000000E+01    0.10000000E+01    0.10000000E+01    0.10000000E+01
  0.98449612E+00    0.10000000E+01    0.10000000E+01    0.10000000E+01    0.10000000E+01    0.10000000E+01    0.10000000E+01    0.10000000E+01    0.10000000E+01    0.10000000E+01    0.10000000E+01
  0.94797878E+00    0.98449612E+00    0.10000000E+01    0.10000000E+01    0.10000000E+01    0.10000000E+01    0.10000000E+01    0.10000000E+01    0.10000000E+01    0.10000000E+01    0.10000000E+01
  0.88587818E+00    0.94797878E+00    0.98449612E+00    0.10000000E+01    0.10000000E+01    0.10000000E+01    0.10000000E+01    0.10000000E+01    0.10000000E+01    0.10000000E+01    0.10000000E+01
  0.79739826E+00    0.88587818E+00    0.94797878E+00    0.98449612E+00    0.10000000E+01    0.10000000E+01    0.10000000E+01    0.10000000E+01    0.10000000E+01    0.10000000E+01    0.10000000E+01
  0.69163376E+00    0.79739826E+00    0.88587818E+00    0.94797878E+00    0.98449612E+00    0.10000000E+01    0.10000000E+01    0.10000000E+01    0.10000000E+01    0.10000000E+01    0.10000000E+01
  0.58148694E+00    0.69163376E+00    0.79739826E+00    0.88587818E+00    0.94797878E+00    0.98449612E+00    0.10000000E+01    0.10000000E+01    0.10000000E+01    0.10000000E+01    0.10000000E+01
  0.47262375E+00    0.58148694E+00    0.69163376E+00    0.79739826E+00    0.88587818E+00    0.94797878E+00    0.98449612E+00    0.10000000E+01    0.10000000E+01    0.10000000E+01    0.10000000E+01
  0.37511523E+00    0.47262375E+00    0.58148694E+00    0.69163376E+00    0.79739826E+00    0.88587818E+00    0.94797878E+00    0.98449612E+00    0.10000000E+01    0.10000000E+01    0.10000000E+01
  0.29473684E+00    0.37910181E+00    0.47830108E+00    0.58212875E+00    0.69163376E+00    0.79739826E+00    0.88587818E+00    0.94797878E+00    0.98449612E+00    0.10000000E+01    0.10000000E+01
  0.25454764E+00    0.33234084E+00    0.42670815E+00    0.52737625E+00    0.63656035E+00    0.74451601E+00    0.84163822E+00    0.91692848E+00    0.96623745E+00    0.99224806E+00    0.10000000E+01
