  0.10000000E+01    0.10000000E+01    0.10000000E+01    0.10000000E+01    0.10000000E+01    0.10000000E+01    0.10000000E+01    0.10000000E+01    0.10000000E+01    0.10000000E+01    0.10000000E+01
  0.77777778E+00    0.10000000E+01    0.10000000E+01    0.10000000E+01    0.10000000E+01    0.10000000E+01    0.10000000E+01    0.10000000E+01    0.10000000E+01    0.10000000E+01    0.10000000E+01
  0.63636364E+00    0.77777778E+00    0.10000000E+01    0.10000000E+01    0.10000000E+01    0.10000000E+01    0.10000000E+01    0.10000000E+01    0.10000000E+01    0.10000000E+01    0.10000000E+01
  0.45454545E+00    0.63636364E+00    0.77777778E+00    0.10000000E+01    0.10000000E+01    0.10000000E+01    0.10000000E+01    0.10000000E+01    0.10000000E+01    0.10000000E+01    0.10000000E+01
  0.32088617E+00    0.45454545E+00    0.63636364E+00    0.77777778E+00    0.10000000E+01    0.10000000E+01    0.10000000E+01    0.10000000E+01    0.10000000E+01    0.10000000E+01    0.10000000E+01
  0.20727273E+00    0.32088617E+00    0.45454545E+00    0.63636364E+00    0.77777778E+00    0.10000000E+01    0.10000000E+01    0.10000000E+01    0.10000000E+01    0.10000000E+01    0.10000000E+01
  0.13649268E+00    0.20727273E+00    0.32088617E+00    0.45454545E+00    0.63636364E+00    0.77777778E+00    0.10000000E+01    0.10000000E+01    0.10000000E+01    0.10000000E+01    0.10000000E+01
  0.83071523E-01    0.13649268E+00    0.20727273E+00    0.32088617E+00    0.45454545E+00    0.63636364E+00    0.77777778E+00    0.10000000E+01    0.10000000E+01    0.10000000E+01    0.10000000E+01
  0.50457231E-01    0.83160330E-01    0.13649268E+00    0.20727273E+00    0.32088617E+00    0.45454545E+00    0.63636364E+00    0.77777778E+00    0.10000000E+01    0.10000000E+01    0.10000000E+01
  0.33882500E-01    0.56494153E-01    0.93474958E-01    0.14517213E+00    0.22868943E+00    0.33090909E+00    0.47862490E+00    0.63636364E+00    0.81818182E+00    0.10000000E+01    0.10000000E+01
  0.25595135E-01    0.43161065E-01    0.71966094E-01    0.11412182E+00    0.18259106E+00    0.26909091E+00    0.39975554E+00    0.54545455E+00    0.72727273E+00    0.88888889E+00    0.10000000E+01
