  0.10000000E+01    0.10000000E+01    0.10000000E+01    0.10000000E+01    0.10000000E+01    0.10000000E+01    0.10000000E+01    0.10000000E+01    0.10000000E+01    0.10000000E+01    0.10000000E+01
  0.88235294E+00    0.10000000E+01    0.10000000E+01    0.10000000E+01    0.10000000E+01    0.10000000E+01    0.10000000E+01    0.10000000E+01    0.10000000E+01    0.10000000E+01    0.10000000E+01
  0.75798319E+00    0.88235294E+00    0.10000000E+01    0.10000000E+01    0.10000000E+01    0.10000000E+01    0.10000000E+01    0.10000000E+01    0.10000000E+01    0.10000000E+01    0.10000000E+01
  0.60024446E+00    0.75798319E+00    0.88235294E+00    0.10000000E+01    0.10000000E+01    0.10000000E+01    0.10000000E+01    0.10000000E+01    0.10000000E+01    0.10000000E+01    0.10000000E+01
  0.46314526E+00    0.60024446E+00    0.75798319E+00    0.88235294E+00    0.10000000E+01    0.10000000E+01    0.10000000E+01    0.10000000E+01    0.10000000E+01    0.10000000E+01    0.10000000E+01
  0.33532162E+00    0.46314526E+00    0.60024446E+00    0.75798319E+00    0.88235294E+00    0.10000000E+01    0.10000000E+01    0.10000000E+01    0.10000000E+01    0.10000000E+01    0.10000000E+01
  0.23870190E+00    0.33532162E+00    0.46314526E+00    0.60024446E+00    0.75798319E+00    0.88235294E+00    0.10000000E+01    0.10000000E+01    0.10000000E+01    0.10000000E+01    0.10000000E+01
  0.15836178E+00    0.23870190E+00    0.33532162E+00    0.46314526E+00    0.60024446E+00    0.75798319E+00    0.88235294E+00    0.10000000E+01    0.10000000E+01    0.10000000E+01    0.10000000E+01
  0.10531325E+00    0.15836178E+00    0.23870190E+00    0.33532162E+00    0.46314526E+00    0.60024446E+00    0.75798319E+00    0.88235294E+00    0.10000000E+01    0.10000000E+01    0.10000000E+01
  0.73426007E-01    0.11228150E+00    0.17200758E+00    0.24684170E+00    0.35092358E+00    0.46778304E+00    0.61056423E+00    0.75798319E+00    0.88235294E+00    0.10000000E+01    0.10000000E+01
  0.57482383E-01    0.89241352E-01    0.13866042E+00    0.20260174E+00    0.29481274E+00    0.40155233E+00    0.53685474E+00    0.67911383E+00    0.82016807E+00    0.94117647E+00    0.10000000E+01
