  0.10000000E+01    0.10000000E+01    0.10000000E+01    0.10000000E+01    0.10000000E+01    0.10000000E+01    0.10000000E+01    0.10000000E+01    0.10000000E+01    0.10000000E+01    0.10000000E+01
  0.93939394E+00    0.10000000E+01    0.10000000E+01    0.10000000E+01    0.10000000E+01    0.10000000E+01    0.10000000E+01    0.10000000E+01    0.10000000E+01    0.10000000E+01    0.10000000E+01
  0.85454545E+00    0.93939394E+00    0.10000000E+01    0.10000000E+01    0.10000000E+01    0.10000000E+01    0.10000000E+01    0.10000000E+01    0.10000000E+01    0.10000000E+01    0.10000000E+01
  0.73090909E+00    0.85454545E+00    0.93939394E+00    0.10000000E+01    0.10000000E+01    0.10000000E+01    0.10000000E+01    0.10000000E+01    0.10000000E+01    0.10000000E+01    0.10000000E+01
  0.59844767E+00    0.73090909E+00    0.85454545E+00    0.93939394E+00    0.10000000E+01    0.10000000E+01    0.10000000E+01    0.10000000E+01    0.10000000E+01    0.10000000E+01    0.10000000E+01
  0.46701299E+00    0.59844767E+00    0.73090909E+00    0.85454545E+00    0.93939394E+00    0.10000000E+01    0.10000000E+01    0.10000000E+01    0.10000000E+01    0.10000000E+01    0.10000000E+01
  0.35553972E+00    0.46701299E+00    0.59844767E+00    0.73090909E+00    0.85454545E+00    0.93939394E+00    0.10000000E+01    0.10000000E+01    0.10000000E+01    0.10000000E+01    0.10000000E+01
  0.25548399E+00    0.35553972E+00    0.46701299E+00    0.59844767E+00    0.73090909E+00    0.85454545E+00    0.93939394E+00    0.10000000E+01    0.10000000E+01    0.10000000E+01    0.10000000E+01
  0.18203628E+00    0.25548399E+00    0.35553972E+00    0.46701299E+00    0.59844767E+00    0.73090909E+00    0.85454545E+00    0.93939394E+00    0.10000000E+01    0.10000000E+01    0.10000000E+01
  0.13221472E+00    0.18898694E+00    0.26878800E+00    0.36124849E+00    0.47699370E+00    0.59896104E+00    0.73090909E+00    0.85454545E+00    0.93939394E+00    0.10000000E+01    0.10000000E+01
  0.10730394E+00    0.15573841E+00    0.22541214E+00    0.30836624E+00    0.41626671E+00    0.53298701E+00    0.66467838E+00    0.79272727E+00    0.89696970E+00    0.96969697E+00    0.10000000E+01
