  0.10000000E+01    0.10000000E+01    0.10000000E+01    0.10000000E+01    0.10000000E+01    0.10000000E+01    0.10000000E+01    0.10000000E+01    0.10000000E+01    0.10000000E+01    0.10000000E+01
  0.60000000E+00    0.10000000E+01    0.10000000E+01    0.10000000E+01    0.10000000E+01    0.10000000E+01    0.10000000E+01    0.10000000E+01    0.10000000E+01    0.10000000E+01    0.10000000E+01
  0.42857143E+00    0.60000000E+00    0.10000000E+01    0.10000000E+01    0.10000000E+01    0.10000000E+01    0.10000000E+01    0.10000000E+01    0.10000000E+01    0.10000000E+01    0.10000000E+01
  0.27272727E+00    0.42857143E+00    0.60000000E+00    0.10000000E+01    0.10000000E+01    0.10000000E+01    0.10000000E+01    0.10000000E+01    0.10000000E+01    0.10000000E+01    0.10000000E+01
  0.17983193E+00    0.27272727E+00    0.42857143E+00    0.60000000E+00    0.10000000E+01    0.10000000E+01    0.10000000E+01    0.10000000E+01    0.10000000E+01    0.10000000E+01    0.10000000E+01
  0.10303030E+00    0.17983193E+00    0.27272727E+00    0.42857143E+00    0.60000000E+00    0.10000000E+01    0.10000000E+01    0.10000000E+01    0.10000000E+01    0.10000000E+01    0.10000000E+01
  0.60581771E-01    0.10303030E+00    0.17983193E+00    0.27272727E+00    0.42857143E+00    0.60000000E+00    0.10000000E+01    0.10000000E+01    0.10000000E+01    0.10000000E+01    0.10000000E+01
  0.33762549E-01    0.60581771E-01    0.10303030E+00    0.17983193E+00    0.27272727E+00    0.42857143E+00    0.60000000E+00    0.10000000E+01    0.10000000E+01    0.10000000E+01    0.10000000E+01
  0.19624180E-01    0.35389266E-01    0.60697769E-01    0.10679724E+00    0.17983193E+00    0.27272727E+00    0.42857143E+00    0.63636364E+00    0.10000000E+01    0.10000000E+01    0.10000000E+01
  0.12554996E-01    0.22793014E-01    0.39531502E-01    0.70279895E-01    0.12020685E+00    0.18787879E+00    0.30420168E+00    0.45454545E+00    0.71428571E+00    0.10000000E+01    0.10000000E+01
  0.90204038E-02    0.16494888E-01    0.28948368E-01    0.52021222E-01    0.90394312E-01    0.14545455E+00    0.24201681E+00    0.36363636E+00    0.57142857E+00    0.80000000E+00    0.10000000E+01
