  0.10000000E+01    0.10000000E+01    0.10000000E+01    0.10000000E+01    0.10000000E+01    0.10000000E+01    0.10000000E+01    0.10000000E+01    0.10000000E+01    0.10000000E+01    0.10000000E+01
  0.96923077E+00    0.10000000E+01    0.10000000E+01    0.10000000E+01    0.10000000E+01    0.10000000E+01    0.10000000E+01    0.10000000E+01    0.10000000E+01    0.10000000E+01    0.10000000E+01
  0.90960569E+00    0.96923077E+00    0.10000000E+01    0.10000000E+01    0.10000000E+01    0.10000000E+01    0.10000000E+01    0.10000000E+01    0.10000000E+01    0.10000000E+01    0.10000000E+01
  0.81740894E+00    0.90960569E+00    0.96923077E+00    0.10000000E+01    0.10000000E+01    0.10000000E+01    0.10000000E+01    0.10000000E+01    0.10000000E+01    0.10000000E+01    0.10000000E+01
  0.70518726E+00    0.81740894E+00    0.90960569E+00    0.96923077E+00    0.10000000E+01    0.10000000E+01    0.10000000E+01    0.10000000E+01    0.10000000E+01    0.10000000E+01    0.10000000E+01
  0.58373329E+00    0.70518726E+00    0.81740894E+00    0.90960569E+00    0.96923077E+00    0.10000000E+01    0.10000000E+01    0.10000000E+01    0.10000000E+01    0.10000000E+01    0.10000000E+01
  0.47068753E+00    0.58373329E+00    0.70518726E+00    0.81740894E+00    0.90960569E+00    0.96923077E+00    0.10000000E+01    0.10000000E+01    0.10000000E+01    0.10000000E+01    0.10000000E+01
  0.36343965E+00    0.47068753E+00    0.58373329E+00    0.70518726E+00    0.81740894E+00    0.90960569E+00    0.96923077E+00    0.10000000E+01    0.10000000E+01    0.10000000E+01    0.10000000E+01
  0.27446722E+00    0.36343965E+00    0.47068753E+00    0.58373329E+00    0.70518726E+00    0.81740894E+00    0.90960569E+00    0.96923077E+00    0.10000000E+01    0.10000000E+01    0.10000000E+01
  0.20760191E+00    0.28035915E+00    0.37257738E+00    0.47358647E+00    0.58793740E+00    0.70518726E+00    0.81740894E+00    0.90960569E+00    0.96923077E+00    0.10000000E+01    0.10000000E+01
  0.17416925E+00    0.23881890E+00    0.32352230E+00    0.41851306E+00    0.52931247E+00    0.64446028E+00    0.76129810E+00    0.86350732E+00    0.93941823E+00    0.98461538E+00    0.10000000E+01
