  0.10000000E+01    0.10000000E+01    0.10000000E+01    0.10000000E+01    0.10000000E+01    0.10000000E+01    0.10000000E+01    0.10000000E+01    0.10000000E+01    0.10000000E+01    0.10000000E+01
  0.99221790E+00    0.10000000E+01    0.10000000E+01    0.10000000E+01    0.10000000E+01    0.10000000E+01    0.10000000E+01    0.10000000E+01    0.10000000E+01    0.10000000E+01    0.10000000E+01
  0.97105163E+00    0.99221790E+00    0.10000000E+01    0.10000000E+01    0.10000000E+01    0.10000000E+01    0.10000000E+01    0.10000000E+01    0.10000000E+01    0.10000000E+01    0.10000000E+01
  0.92803391E+00    0.97105163E+00    0.99221790E+00    0.10000000E+01    0.10000000E+01    0.10000000E+01    0.10000000E+01    0.10000000E+01    0.10000000E+01    0.10000000E+01    0.10000000E+01
  0.86133958E+00    0.92803391E+00    0.97105163E+00    0.99221790E+00    0.10000000E+01    0.10000000E+01    0.10000000E+01    0.10000000E+01    0.10000000E+01    0.10000000E+01    0.10000000E+01
  0.77458786E+00    0.86133958E+00    0.92803391E+00    0.97105163E+00    0.99221790E+00    0.10000000E+01    0.10000000E+01    0.10000000E+01    0.10000000E+01    0.10000000E+01    0.10000000E+01
  0.67647770E+00    0.77458786E+00    0.86133958E+00    0.92803391E+00    0.97105163E+00    0.99221790E+00    0.10000000E+01    0.10000000E+01    0.10000000E+01    0.10000000E+01    0.10000000E+01
  0.57329185E+00    0.67647770E+00    0.77458786E+00    0.86133958E+00    0.92803391E+00    0.97105163E+00    0.99221790E+00    0.10000000E+01    0.10000000E+01    0.10000000E+01    0.10000000E+01
  0.47478890E+00    0.57329185E+00    0.67647770E+00    0.77458786E+00    0.86133958E+00    0.92803391E+00    0.97105163E+00    0.99221790E+00    0.10000000E+01    0.10000000E+01    0.10000000E+01
  0.38669240E+00    0.47691144E+00    0.57563330E+00    0.67647770E+00    0.77458786E+00    0.86133958E+00    0.92803391E+00    0.97105163E+00    0.99221790E+00    0.10000000E+01    0.10000000E+01
  0.34264414E+00    0.42872124E+00    0.52521110E+00    0.62488477E+00    0.72553278E+00    0.81796372E+00    0.89468675E+00    0.94954277E+00    0.98163477E+00    0.99610895E+00    0.10000000E+01
