    2     1     1   0.2777777778E-01  0.4629629630E-02
    3     2     3   0.5555555556E-01  0.1388888889E-01
    4     3     7   0.8333333333E-01  0.3240740741E-01
    5     4    12   0.1111111111E+00  0.5555555556E-01
    6     5    19   0.1388888889E+00  0.8796296296E-01
    7     6    27   0.1666666667E+00  0.1250000000E+00
    8     5    34   0.1388888889E+00  0.1574074074E+00
    9     4    36   0.1111111111E+00  0.1666666667E+00
   10     3    34   0.8333333333E-01  0.1574074074E+00
   11     2    27   0.5555555556E-01  0.1250000000E+00
   12     1    16   0.2777777778E-01  0.7407407407E-01
