    3     1     1   0.4629629630E-02  0.7716049383E-03
    4     3     4   0.1388888889E-01  0.3086419753E-02
    5     6    10   0.2777777778E-01  0.7716049383E-02
    6    10    21   0.4629629630E-01  0.1620370370E-01
    7    15    38   0.6944444444E-01  0.2932098765E-01
    8    21    62   0.9722222222E-01  0.4783950617E-01
    9    25    91   0.1157407407E+00  0.7021604938E-01
   10    27   122   0.1250000000E+00  0.9413580247E-01
   11    27   148   0.1250000000E+00  0.1141975309E+00
   12    25   167   0.1157407407E+00  0.1288580247E+00
   13    21   172   0.9722222222E-01  0.1327160494E+00
   14    15   160   0.6944444444E-01  0.1234567901E+00
   15    10   131   0.4629629630E-01  0.1010802469E+00
   16     6    94   0.2777777778E-01  0.7253086420E-01
   17     3    54   0.1388888889E-01  0.4166666667E-01
   18     1    21   0.4629629630E-02  0.1620370370E-01
